        0.0000000000,        0.9829074456
        2.0000000000,        1.1174136610
        4.0000000000,        1.3107088850
        6.0000000000,        1.5507222592
        8.0000000000,        1.8937764045
       10.0000000000,        2.4144241353
       12.0000000000,        3.2593489376
       14.0000000000,        4.7002032039
       16.0000000000,        6.9915410143
       18.0000000000,        8.9840366053
       20.0000000000,        8.3663214863
       22.0000000000,        6.9846819066
       24.0000000000,        6.8483981370
       26.0000000000,        8.2169755006
       28.0000000000,       10.2943652946
       30.0000000000,       10.1931815433
       32.0000000000,        8.2346786747
       34.0000000000,        7.1576666787
       36.0000000000,        7.4505307923
       38.0000000000,        9.1475516968
       40.0000000000,       11.5264722010
       42.0000000000,       11.7097363737
       44.0000000000,       10.2815527495
       46.0000000000,       10.1029455815
       48.0000000000,       11.9830194390
       50.0000000000,       15.8983289979
       52.0000000000,       18.8000354193
       54.0000000000,       16.8599989593
       56.0000000000,       14.3992472433
       58.0000000000,       14.4755734292
       60.0000000000,       17.3017094838
       62.0000000000,       21.3390068136
       64.0000000000,       22.5365969759
       66.0000000000,       23.0662747126
       68.0000000000,       27.8299068242
       70.0000000000,       39.6595813579
       72.0000000000,       59.9571588144
       74.0000000000,       74.7093014708
       76.0000000000,       61.6667954214
       78.0000000000,       40.8015355841
       80.0000000000,       27.8345446710
       82.0000000000,       21.6209345563
       84.0000000000,       19.8576708527
       86.0000000000,       22.0391392516
       88.0000000000,       28.7120481456
       90.0000000000,       38.0971263777
       92.0000000000,       38.7340274311
       94.0000000000,       30.0867621005
       96.0000000000,       24.1249701843
       98.0000000000,       21.2332221124
      100.0000000000,       17.1952043927
      102.0000000000,       13.6438065065
      104.0000000000,       12.2721236988
      106.0000000000,       11.7024692978
      108.0000000000,        9.6933949740
      110.0000000000,        7.3770305231
      112.0000000000,        5.8625832044
      114.0000000000,        4.9918669898
      116.0000000000,        4.5131712558
      118.0000000000,        4.2917821221
      120.0000000000,        4.2727409848
      122.0000000000,        4.4528677874
      124.0000000000,        4.8777126415
      126.0000000000,        5.6637996590
      128.0000000000,        7.0592895089
      130.0000000000,        9.5519707808
      132.0000000000,       13.7696642355
      134.0000000000,       18.5852653567
      136.0000000000,       18.7154539341
      138.0000000000,       16.0210895115
      140.0000000000,       15.7448727591
      142.0000000000,       19.0623784751
      144.0000000000,       23.9673671001
      146.0000000000,       23.0283812544
      148.0000000000,       17.0703871212
      150.0000000000,       12.6859080928
      152.0000000000,       10.6700267384
      154.0000000000,       10.5335151017
      156.0000000000,       11.6486551089
      158.0000000000,       14.6088062024
      160.0000000000,       20.4437357256
      162.0000000000,       29.2456477769
      164.0000000000,       33.6459509164
      166.0000000000,       27.9958710450
      168.0000000000,       22.1581557433
      170.0000000000,       20.9534402019
      172.0000000000,       23.8692726778
      174.0000000000,       26.4048086900
      176.0000000000,       22.7072750700
      178.0000000000,       17.9690111500
      180.0000000000,       15.4503233732
      182.0000000000,       15.1532931784
      184.0000000000,       16.7354731941
      186.0000000000,       20.5461331636
      188.0000000000,       27.9731689297
      190.0000000000,       41.1569439780
      192.0000000000,       60.4668896358
      194.0000000000,       73.5259324588
      196.0000000000,       75.9295898596
      198.0000000000,       76.2594035296
      200.0000000000,       61.1982237258
      202.0000000000,       41.0210491788
      204.0000000000,       27.8552121090
      206.0000000000,       20.4982341050
      208.0000000000,       16.4017092996
      210.0000000000,       14.1680642091
      212.0000000000,       13.0251218079
      214.0000000000,       12.7040127198
      216.0000000000,       13.0946524966
      218.0000000000,       14.2629773744
      220.0000000000,       16.5102443182
      222.0000000000,       20.3628631101
      224.0000000000,       27.0951818612
      226.0000000000,       39.1118999036
      228.0000000000,       58.9190707346
      230.0000000000,       77.6861114928
      232.0000000000,       71.7200823640
      234.0000000000,       54.2884724785
      236.0000000000,       45.0766510806
      238.0000000000,       45.9319109826
      240.0000000000,       57.3038489098
      242.0000000000,       82.1391650269
      244.0000000000,      112.8290176584
      246.0000000000,      110.1562230264
      248.0000000000,       76.6291769996
      250.0000000000,       49.5603113563
      252.0000000000,       34.0114059132
      254.0000000000,       25.3160157892
      256.0000000000,       20.2568450092
      258.0000000000,       17.2114836000
      260.0000000000,       15.3589392929
      262.0000000000,       14.2851431033
      264.0000000000,       13.7564778443
      266.0000000000,       13.6525319531
      268.0000000000,       13.9152450159
      270.0000000000,       14.5436015688
      272.0000000000,       15.5694978911
      274.0000000000,       17.0780228217
      276.0000000000,       19.2254774244
      278.0000000000,       22.2849330723
      280.0000000000,       26.7398845219
      282.0000000000,       33.4814278069
      284.0000000000,       44.2340957831
      286.0000000000,       62.4341122331
      288.0000000000,       94.3138528745
      290.0000000000,      143.7237688554
      292.0000000000,      178.2360506075
      294.0000000000,      149.9771536249
      296.0000000000,      106.3984157959
      298.0000000000,       81.4193434491
      300.0000000000,       72.3330268978
      302.0000000000,       74.4901024966
      304.0000000000,       87.4341478976
      306.0000000000,      115.3391621287
      308.0000000000,      168.5549949396
      310.0000000000,      258.7192554143
      312.0000000000,      345.8507654069
      314.0000000000,      315.5354998157
      316.0000000000,      225.4762734541
      318.0000000000,      170.1700566740
      320.0000000000,      155.7620119524
      322.0000000000,      175.7551363364
      324.0000000000,      214.8557787273
      326.0000000000,      217.3887345478
      328.0000000000,      182.3633544497
      330.0000000000,      166.6073961971
      332.0000000000,      186.9056594454
      334.0000000000,      252.0975347337
      336.0000000000,      364.3263582382
      338.0000000000,      433.8780964427
      340.0000000000,      360.2802118502
      342.0000000000,      271.9632567327
      344.0000000000,      245.3483403252
      346.0000000000,      258.4966529090
      348.0000000000,      232.8497779113
      350.0000000000,      163.8038338307
      352.0000000000,      110.1574504933
      354.0000000000,       78.6252799255
      356.0000000000,       60.6270827479
      358.0000000000,       50.2361719284
      360.0000000000,       44.8177470145
      362.0000000000,       43.5937573509
      364.0000000000,       47.1472774887
      366.0000000000,       57.3735173309
      368.0000000000,       73.1972193777
      370.0000000000,       78.0879812367
      372.0000000000,       66.2595847406
      374.0000000000,       58.7074248405
      376.0000000000,       63.1909056551
      378.0000000000,       75.5911983644
      380.0000000000,       74.8674816566
      382.0000000000,       56.3456378490
      384.0000000000,       40.4776780986
      386.0000000000,       31.5291782910
      388.0000000000,       27.1913826373
      390.0000000000,       25.4817034807
      392.0000000000,       25.7823473118
      394.0000000000,       28.1668726600
      396.0000000000,       33.2295183630
      398.0000000000,       42.5710027511
      400.0000000000,       59.6100903638
      402.0000000000,       90.8103356552
      404.0000000000,      141.4141415360
      406.0000000000,      180.9871497681
      408.0000000000,      151.5245532789
      410.0000000000,       97.8207819751
      412.0000000000,       62.2396907790
      414.0000000000,       42.1747022246
      416.0000000000,       30.6439820689
      418.0000000000,       23.6324545882
      420.0000000000,       19.1323108638
      422.0000000000,       16.1159054354
      424.0000000000,       14.0297338523
      426.0000000000,       12.5601818983
      428.0000000000,       11.5220365246
      430.0000000000,       10.8029920199
      432.0000000000,       10.3945462147
      434.0000000000,       10.1399878228
      436.0000000000,       10.1076117577
      438.0000000000,       10.2457570070
      440.0000000000,       10.6063381196
      442.0000000000,       11.2479918804
      444.0000000000,       12.2880930108
      446.0000000000,       13.9578232899
      448.0000000000,       16.6984535625
      450.0000000000,       21.1014345974
      452.0000000000,       26.2765613967
      454.0000000000,       27.6739480998
      456.0000000000,       26.5750639389
      458.0000000000,       27.5205605946
      460.0000000000,       31.6340835294
      462.0000000000,       39.6535622469
      464.0000000000,       53.7151452844
      466.0000000000,       78.5926517000
      468.0000000000,      122.8262057490
      470.0000000000,      188.7505793079
      472.0000000000,      224.7134383192
      474.0000000000,      182.2839404592
      476.0000000000,      134.5524872905
      478.0000000000,      119.0129375741
      480.0000000000,      131.3296695411
      482.0000000000,      140.5434592116
      484.0000000000,      110.9786739700
      486.0000000000,       74.0144174166
      488.0000000000,       50.5373875849
      490.0000000000,       37.2039123024
      492.0000000000,       29.5224616671
      494.0000000000,       25.0457055824
      496.0000000000,       22.5773873115
      498.0000000000,       21.3299639426
      500.0000000000,       21.6073693157
      502.0000000000,       23.2889611701
      504.0000000000,       26.8593462367
      506.0000000000,       33.4174483635
      508.0000000000,       45.1588178021
      510.0000000000,       66.8338237805
      512.0000000000,      103.8690449669
      514.0000000000,      142.6516256927
      516.0000000000,      132.7535446592
      518.0000000000,       90.1591919607
      520.0000000000,       58.7664561382
      522.0000000000,       41.3208783899
      524.0000000000,       31.9394100423
      526.0000000000,       26.9862596524
      528.0000000000,       24.7109902787
      530.0000000000,       24.3227693437
      532.0000000000,       25.6977156693
      534.0000000000,       29.2134870028
      536.0000000000,       35.3936945293
      538.0000000000,       46.1896720858
      540.0000000000,       65.3577065117
      542.0000000000,      100.0207891245
      544.0000000000,      157.2039364200
      546.0000000000,      207.9275076017
      548.0000000000,      181.4442543109
      550.0000000000,      120.0300275970
      552.0000000000,       78.2776011612
      554.0000000000,       55.6376750018
      556.0000000000,       43.9296088650
      558.0000000000,       38.5708428378
      560.0000000000,       37.6552852080
      562.0000000000,       40.9437164814
      564.0000000000,       49.7409687138
      566.0000000000,       67.6052621066
      568.0000000000,      100.9588680848
      570.0000000000,      150.6585644102
      572.0000000000,      173.1161679049
      574.0000000000,      133.4258579593
      576.0000000000,       88.5168982518
      578.0000000000,       62.5606968719
      580.0000000000,       50.5065980481
      582.0000000000,       47.5972796657
      584.0000000000,       52.8720593936
      586.0000000000,       68.7319797030
      588.0000000000,       97.7637589750
      590.0000000000,      123.6234333786
      592.0000000000,      117.6127591881
      594.0000000000,       98.8346049632
      596.0000000000,       73.4488679830
      598.0000000000,       49.1180160659
      600.0000000000,       33.5326735408
      602.0000000000,       24.3559723279
      604.0000000000,       18.7429395372
      606.0000000000,       15.1073644500
      608.0000000000,       12.6299414010
      610.0000000000,       10.8724951254
      612.0000000000,        9.5877652307
      614.0000000000,        8.6211923259
      616.0000000000,        7.8978282525
      618.0000000000,        7.3520992811
      620.0000000000,        6.9475133856
      622.0000000000,        6.6625400204
      624.0000000000,        6.6748670602
      626.0000000000,        6.6230570018
      628.0000000000,        6.7186098093
      630.0000000000,        7.0296377474
      632.0000000000,        7.5066849778
      634.0000000000,        8.1522478285
      636.0000000000,        8.0585972465
      638.0000000000,        7.5803253925
      640.0000000000,        7.3585789650
      642.0000000000,        7.3511749689
      644.0000000000,        7.6168181072
      646.0000000000,        8.0481771473
      648.0000000000,        8.6413784774
      650.0000000000,        9.4153758257
      652.0000000000,       10.4091748370
      654.0000000000,       11.6854424632
      656.0000000000,       13.3403830699
      658.0000000000,       15.5226636701
      660.0000000000,       18.4684245702
      662.0000000000,       22.5678067682
      664.0000000000,       28.4971996713
      666.0000000000,       37.4950960291
      668.0000000000,       51.9559909844
      670.0000000000,       76.6458809873
      672.0000000000,      120.4216886967
      674.0000000000,      187.0056325352
      676.0000000000,      229.7023112231
      678.0000000000,      188.3499186497
      680.0000000000,      130.4138535109
      682.0000000000,       98.4202437795
      684.0000000000,       88.7866907879
      686.0000000000,       97.2376388705
      688.0000000000,      126.9334549245
      690.0000000000,      187.3366934150
      692.0000000000,      261.8725460084
      694.0000000000,      267.5529639422
      696.0000000000,      212.9428480648
      698.0000000000,      175.4819396584
      700.0000000000,      138.2273319176
      702.0000000000,       94.6276723962
      704.0000000000,       63.9549408237
      706.0000000000,       45.6112679427
      708.0000000000,       34.3130344294
      710.0000000000,       27.1254461638
      712.0000000000,       22.2560760235
      714.0000000000,       18.8157089625
      716.0000000000,       16.3041251389
      718.0000000000,       14.5811288828
      720.0000000000,       13.1524033133
      722.0000000000,       12.0510669380
      724.0000000000,       11.1969299010
      726.0000000000,       10.6670303333
      728.0000000000,       10.1617338339
      730.0000000000,        9.7825177481
      732.0000000000,        9.4090727328
      734.0000000000,        9.2315851504
      736.0000000000,        9.1373532703
      738.0000000000,        9.1205123283
      740.0000000000,        9.1782034069
      742.0000000000,        9.3103285290
      744.0000000000,        9.5195414344
      746.0000000000,        9.8114730787
      748.0000000000,       10.1952264121
      750.0000000000,       10.6842185651
      752.0000000000,       11.2406303449
      754.0000000000,       12.0063677226
      756.0000000000,       12.9344991137
      758.0000000000,       14.1318408127
      760.0000000000,       15.6491209433
      762.0000000000,       17.6016115088
      764.0000000000,       20.1654692749
      766.0000000000,       23.6194910505
      768.0000000000,       28.4234453447
      770.0000000000,       35.3724698337
      772.0000000000,       45.9169722944
      774.0000000000,       62.9805811362
      776.0000000000,       91.8914795458
      778.0000000000,      143.2970967084
      780.0000000000,      227.2251644382
      782.0000000000,      300.1860151541
      784.0000000000,      260.0194085613
      786.0000000000,      170.4723302549
      788.0000000000,      109.4983282248
      790.0000000000,       75.6203916689
      792.0000000000,       56.7426347938
      794.0000000000,       45.8405468888
      796.0000000000,       39.4115144458
      798.0000000000,       35.6914944011
      800.0000000000,       33.7550968392
      802.0000000000,       33.1105011969
      804.0000000000,       33.5330949243
      806.0000000000,       34.8716843863
      808.0000000000,       37.1658351452
      810.0000000000,       40.5364865924
      812.0000000000,       45.2319912656
      814.0000000000,       51.6827018301
      816.0000000000,       60.6128179758
      818.0000000000,       73.2637280427
      820.0000000000,       91.8528881857
      822.0000000000,      120.5522161081
      824.0000000000,      167.5774553705
      826.0000000000,      248.8622744728
      828.0000000000,      385.9701673600
      830.0000000000,      543.7115154818
      832.0000000000,      541.9718693242
      834.0000000000,      407.5691689362
      836.0000000000,      313.8436393232
      838.0000000000,      285.8445605345
      840.0000000000,      312.0539768640
      842.0000000000,      398.3467275304
      844.0000000000,      577.4037317552
      846.0000000000,      905.9336120492
      848.0000000000,     1329.1688423665
      850.0000000000,     1371.1943477440
      852.0000000000,      957.3425085830
      854.0000000000,      593.8757842045
      856.0000000000,      382.7389389267
      858.0000000000,      264.9176115227
      860.0000000000,      197.0229690714
      862.0000000000,      156.5355537942
      864.0000000000,      133.0177536294
      866.0000000000,      121.7101151281
      868.0000000000,      121.5656886686
      870.0000000000,      135.1177661644
      872.0000000000,      169.7501053828
      874.0000000000,      235.1675358258
      876.0000000000,      306.6665319543
      878.0000000000,      296.1501129972
      880.0000000000,      239.6797254435
      882.0000000000,      222.4558151728
      884.0000000000,      252.3085794999
      886.0000000000,      270.5403286171
      888.0000000000,      212.1118188448
      890.0000000000,      141.3018140540
      892.0000000000,       96.1371865500
      894.0000000000,       69.9021800093
      896.0000000000,       54.0330721098
      898.0000000000,       43.8488141141
      900.0000000000,       36.9741240092
      902.0000000000,       32.1626737306
      904.0000000000,       28.7279398032
      906.0000000000,       26.2775767680
      908.0000000000,       24.5861525604
      910.0000000000,       24.0654903183
      912.0000000000,       23.6206325188
      914.0000000000,       23.7963820053
      916.0000000000,       24.6989246047
      918.0000000000,       26.5503790194
      920.0000000000,       29.7666037269
      922.0000000000,       35.1217409043
      924.0000000000,       44.1024679178
      926.0000000000,       59.6732778761
      928.0000000000,       87.7039096123
      930.0000000000,      137.0390634385
      932.0000000000,      199.6347373153
      934.0000000000,      205.5436175814
      936.0000000000,      144.8575001342
      938.0000000000,       91.7905599908
      940.0000000000,       60.9299619911
      942.0000000000,       43.6346191708
      944.0000000000,       33.3535401132
      946.0000000000,       27.2072583949
      948.0000000000,       23.4284030722
      950.0000000000,       21.2227315687
      952.0000000000,       20.2801002305
      954.0000000000,       20.6252265181
      956.0000000000,       22.6927348429
      958.0000000000,       27.5706196004
      960.0000000000,       36.9737434759
      962.0000000000,       49.1109175966
      964.0000000000,       49.7092352006
      966.0000000000,       37.1392718932
      968.0000000000,       26.3191608084
      970.0000000000,       20.0419908151
      972.0000000000,       16.5733635015
      974.0000000000,       14.5806273557
      976.0000000000,       13.4359520326
      978.0000000000,       12.8157939385
      980.0000000000,       12.5572662591
      982.0000000000,       12.5806112836
      984.0000000000,       12.8549722895
      986.0000000000,       13.3854550041
      988.0000000000,       14.2137661012
      990.0000000000,       15.4333337872
      992.0000000000,       16.9195921342
      994.0000000000,       19.6511657102
      996.0000000000,       23.8752381596
      998.0000000000,       29.5268999480
     1000.0000000000,       33.3264968401
     1002.0000000000,       34.3741675257
     1004.0000000000,       36.6151195036
     1006.0000000000,       42.0845380425
     1008.0000000000,       51.8146009410
     1010.0000000000,       67.1202727253
     1012.0000000000,       94.3441336649
     1014.0000000000,      142.0900645180
     1016.0000000000,      227.3640152341
     1018.0000000000,      357.0088359549
     1020.0000000000,      431.6706409597
     1022.0000000000,      337.4883015724
     1024.0000000000,      212.9077329680
     1026.0000000000,      135.1156517871
     1028.0000000000,       91.9290790294
     1030.0000000000,       67.3346154186
     1032.0000000000,       52.6803807060
     1034.0000000000,       43.6618074702
     1036.0000000000,       38.0805113958
     1038.0000000000,       34.6183941525
     1040.0000000000,       32.9523940538
     1042.0000000000,       32.6020936194
     1044.0000000000,       33.4380937734
     1046.0000000000,       35.3502908385
     1048.0000000000,       38.7749551905
     1050.0000000000,       43.9284396372
     1052.0000000000,       51.4290301076
     1054.0000000000,       62.3332916379
     1056.0000000000,       78.4780900603
     1058.0000000000,      103.1838395531
     1060.0000000000,      142.7565235622
     1062.0000000000,      209.7193781959
     1064.0000000000,      328.7495172768
     1066.0000000000,      536.0140198114
     1068.0000000000,      791.4181857159
     1070.0000000000,      802.0174436545
     1072.0000000000,      550.4300100700
     1074.0000000000,      337.1073157428
     1076.0000000000,      213.5813136244
     1078.0000000000,      144.0183846921
     1080.0000000000,      102.8355437450
     1082.0000000000,       76.9815594638
     1084.0000000000,       59.8878866723
     1086.0000000000,       48.0957537506
     1088.0000000000,       39.6844041771
     1090.0000000000,       33.5356961742
     1092.0000000000,       28.9764755857
     1094.0000000000,       25.4722043945
     1096.0000000000,       23.0509809357
     1098.0000000000,       21.5039130128
     1100.0000000000,       20.9304796324
     1102.0000000000,       21.6957114853
     1104.0000000000,       24.3558509332
     1106.0000000000,       27.8137684884
     1108.0000000000,       26.6983090081
     1110.0000000000,       21.7162485439
     1112.0000000000,       17.9044360261
     1114.0000000000,       15.8643612217
     1116.0000000000,       15.0150970105
     1118.0000000000,       15.0441299746
     1120.0000000000,       15.9504048566
     1122.0000000000,       18.0465458250
     1124.0000000000,       22.0957763821
     1126.0000000000,       29.6663381700
     1128.0000000000,       41.7421386812
     1130.0000000000,       50.4257421326
     1132.0000000000,       43.2979514166
     1134.0000000000,       31.9269804176
     1136.0000000000,       25.0835931077
     1138.0000000000,       22.0228194422
     1140.0000000000,       21.2819716084
     1142.0000000000,       22.1624264662
     1144.0000000000,       24.5070186314
     1146.0000000000,       28.5500048184
     1148.0000000000,       34.9541176958
     1150.0000000000,       45.0600561023
     1152.0000000000,       61.5028676084
     1154.0000000000,       89.5665605533
     1156.0000000000,      139.5439547905
     1158.0000000000,      224.9831332447
     1160.0000000000,      321.1260787963
     1162.0000000000,      316.2303905266
     1164.0000000000,      234.8621184034
     1166.0000000000,      165.1561213739
     1168.0000000000,      109.5841987050
     1170.0000000000,       72.4106798192
     1172.0000000000,       50.2307724432
     1174.0000000000,       36.7189534660
     1176.0000000000,       28.0422708802
     1178.0000000000,       22.1737270968
     1180.0000000000,       17.7616721845
     1182.0000000000,       14.7295100936
     1184.0000000000,       12.6604566086
     1186.0000000000,       10.8961996382
     1188.0000000000,        9.5036085248
     1190.0000000000,        8.3845636142
     1192.0000000000,        7.4713808155
     1194.0000000000,        6.7948272785
     1196.0000000000,        6.1649108218
     1198.0000000000,        5.6327808094
     1200.0000000000,        5.1792216746
     1202.0000000000,        4.7895746863
     1204.0000000000,        4.4525004490
     1206.0000000000,        4.1591166968
     1208.0000000000,        3.9023868076
     1210.0000000000,        3.6766790999
     1212.0000000000,        3.4774445296
     1214.0000000000,        3.3009778100
     1216.0000000000,        3.1442381855
     1218.0000000000,        3.0047134491
     1220.0000000000,        2.8803157064
     1222.0000000000,        2.7693007229
     1224.0000000000,        2.9218551059
     1226.0000000000,        2.8398612966
     1228.0000000000,        2.7677625702
     1230.0000000000,        2.1847230657
     1232.0000000000,        2.1426302859
     1234.0000000000,        2.5671804897
     1236.0000000000,        2.5507601149
     1238.0000000000,        2.5411253233
     1240.0000000000,        2.5379713690
     1242.0000000000,        2.5410629131
     1244.0000000000,        2.5502277176
     1246.0000000000,        2.5653518479
     1248.0000000000,        2.5863761888
     1250.0000000000,        2.6132941293
     1252.0000000000,        2.6461503221
     1254.0000000000,        2.6850404580
     1256.0000000000,        2.7301120368
     1258.0000000000,        2.7815661450
     1260.0000000000,        2.8396602931
     1262.0000000000,        2.9047123958
     1264.0000000000,        2.9771060256
     1266.0000000000,        3.0572971186
     1268.0000000000,        3.1367105710
     1270.0000000000,        3.2344197378
     1272.0000000000,        3.3418147028
     1274.0000000000,        3.4597473327
     1276.0000000000,        3.5892084949
     1278.0000000000,        3.7313518926
     1280.0000000000,        3.8875235502
     1282.0000000000,        4.0592984792
     1284.0000000000,        4.2485265559
     1286.0000000000,        4.4573903407
     1288.0000000000,        4.6884785462
     1290.0000000000,        4.9448802476
     1292.0000000000,        5.2059067858
     1294.0000000000,        5.5254435930
     1296.0000000000,        5.8839661920
     1298.0000000000,        6.2882437238
     1300.0000000000,        6.7467152062
     1302.0000000000,        7.2700320089
     1304.0000000000,        7.8718274291
     1306.0000000000,        8.5698333954
     1308.0000000000,        9.3875434532
     1310.0000000000,       10.3567646002
     1312.0000000000,       11.5216718426
     1314.0000000000,       12.9455171852
     1316.0000000000,       14.7222655918
     1318.0000000000,       16.9978827206
     1320.0000000000,       20.0115533832
     1322.0000000000,       23.9872456568
     1324.0000000000,       30.0755061725
     1326.0000000000,       39.4011595492
     1328.0000000000,       53.4156234635
     1330.0000000000,       68.4241595579
     1332.0000000000,       77.2299115286
     1334.0000000000,       90.1374763853
     1336.0000000000,      120.5258644402
     1338.0000000000,      180.7761902674
     1340.0000000000,      281.0052824646
     1342.0000000000,      365.2194912939
     1344.0000000000,      317.4039317328
     1346.0000000000,      221.1959278517
     1348.0000000000,      166.1273985656
     1350.0000000000,      154.0685460672
     1352.0000000000,      171.1976470504
     1354.0000000000,      175.0234514085
     1356.0000000000,      136.0506226890
     1358.0000000000,       96.6872546820
     1360.0000000000,       73.5439227067
     1362.0000000000,       61.6963015668
     1364.0000000000,       56.5436794870
     1366.0000000000,       55.8434538801
     1368.0000000000,       59.6035510257
     1370.0000000000,       66.4044991360
     1372.0000000000,       78.1081330660
     1374.0000000000,       97.1506276585
     1376.0000000000,      128.4805475980
     1378.0000000000,      182.0038525920
     1380.0000000000,      275.2327032118
     1382.0000000000,      415.9814386262
     1384.0000000000,      511.3916529594
     1386.0000000000,      466.3121987128
     1388.0000000000,      430.8802716800
     1390.0000000000,      504.4938386162
     1392.0000000000,      686.8950858464
     1394.0000000000,      791.4099806644
     1396.0000000000,      613.2088011103
     1398.0000000000,      387.4722072075
     1400.0000000000,      245.4713396536
     1402.0000000000,      164.9918274704
     1404.0000000000,      117.6761464328
     1406.0000000000,       88.1373398732
     1408.0000000000,       68.6347170262
     1410.0000000000,       55.1370354394
     1412.0000000000,       45.4264040916
     1414.0000000000,       38.2146359402
     1416.0000000000,       32.7163591942
     1418.0000000000,       28.4321492822
     1420.0000000000,       25.0326653985
     1422.0000000000,       22.2938105709
     1424.0000000000,       20.0589065967
     1426.0000000000,       18.2158000541
     1428.0000000000,       16.6825459243
     1430.0000000000,       15.3981924174
     1432.0000000000,       14.3166950614
     1434.0000000000,       13.4028046064
     1436.0000000000,       12.6292316400
     1438.0000000000,       12.3903493992
     1440.0000000000,       11.8487202191
     1442.0000000000,       11.3964922028
     1444.0000000000,       11.0232160645
     1446.0000000000,       10.7206668066
     1448.0000000000,       10.4824362644
     1450.0000000000,       10.3036330764
     1452.0000000000,       10.1806647297
     1454.0000000000,       10.1110843331
     1456.0000000000,       10.0934905807
     1458.0000000000,       10.1274738176
     1460.0000000000,       10.2136047812
     1462.0000000000,       10.3534659394
     1464.0000000000,       10.5497288075
     1466.0000000000,       10.8062846519
     1468.0000000000,       11.1284412125
     1470.0000000000,       11.5232053662
     1472.0000000000,       11.9996824495
     1474.0000000000,       12.5696396183
     1476.0000000000,       13.2483072822
     1478.0000000000,       14.0555367606
     1480.0000000000,       15.0175077638
     1482.0000000000,       16.1693130498
     1484.0000000000,       17.5589938423
     1486.0000000000,       19.2540720482
     1488.0000000000,       21.3525731387
     1490.0000000000,       24.0025268866
     1492.0000000000,       27.4218748894
     1494.0000000000,       32.0363656205
     1496.0000000000,       38.5284067793
     1498.0000000000,       48.2553238879
     1500.0000000000,       63.6817409515
     1502.0000000000,       88.7462202274
     1504.0000000000,      121.2772867047
     1506.0000000000,      136.2698663953
     1508.0000000000,      129.2505365013
     1510.0000000000,      124.5587079590
     1512.0000000000,      126.3251484722
     1514.0000000000,      141.5520174018
     1516.0000000000,      176.5783037047
     1518.0000000000,      240.2669659377
     1520.0000000000,      353.8929986252
     1522.0000000000,      559.7685561640
     1524.0000000000,      905.5841616850
     1526.0000000000,     1242.3429830930
     1528.0000000000,     1114.1899121129
     1530.0000000000,      723.6397300532
     1532.0000000000,      444.0536221846
     1534.0000000000,      285.9856103433
     1536.0000000000,      196.0761168847
     1538.0000000000,      142.0283098614
     1540.0000000000,      107.6230776732
     1542.0000000000,       84.6152816496
     1544.0000000000,       68.3461890297
     1546.0000000000,       56.8345822484
     1548.0000000000,       48.3481622690
     1550.0000000000,       41.9740328770
     1552.0000000000,       37.1271366732
     1554.0000000000,       32.9643074904
     1556.0000000000,       30.1534082192
     1558.0000000000,       28.0501851049
     1560.0000000000,       26.5379311895
     1562.0000000000,       25.5427815374
     1564.0000000000,       25.0250021775
     1566.0000000000,       24.9750376027
     1568.0000000000,       25.4135807326
     1570.0000000000,       26.9451838351
     1572.0000000000,       28.5847500080
     1574.0000000000,       31.1177833521
     1576.0000000000,       35.4244902886
     1578.0000000000,       40.4176455029
     1580.0000000000,       47.5324511826
     1582.0000000000,       57.8689075890
     1584.0000000000,       73.3558101599
     1586.0000000000,       97.5541206559
     1588.0000000000,      137.3904751426
     1590.0000000000,      206.7343571273
     1592.0000000000,      330.8110718066
     1594.0000000000,      525.0099722376
     1596.0000000000,      656.3608752496
     1598.0000000000,      528.0043307883
     1600.0000000000,      332.8196188537
     1602.0000000000,      207.3723907343
     1604.0000000000,      137.1032493230
     1606.0000000000,       97.0344500289
     1608.0000000000,       72.3268893429
     1610.0000000000,       56.3799605027
     1612.0000000000,       45.5916291165
     1614.0000000000,       38.0087432729
     1616.0000000000,       32.5140200102
     1618.0000000000,       28.4369472221
     1620.0000000000,       25.3582339972
     1622.0000000000,       23.0065452435
     1624.0000000000,       21.2014498449
     1626.0000000000,       20.0265429837
     1628.0000000000,       18.9917744374
     1630.0000000000,       18.2414336930
     1632.0000000000,       17.7391018505
     1634.0000000000,       17.4646322081
     1636.0000000000,       17.5341903642
     1638.0000000000,       17.7187218104
     1640.0000000000,       18.1673480506
     1642.0000000000,       19.4607044218
     1644.0000000000,       20.6773529121
     1646.0000000000,       22.5164917755
     1648.0000000000,       25.3309036596
     1650.0000000000,       29.8014853878
     1652.0000000000,       37.2751828822
     1654.0000000000,       50.1277049965
     1656.0000000000,       69.3523138460
     1658.0000000000,       81.5870686483
     1660.0000000000,       71.9238823758
     1662.0000000000,       59.5868115569
     1664.0000000000,       55.6302830896
     1666.0000000000,       59.7805963977
     1668.0000000000,       72.8066555815
     1670.0000000000,       99.1229357651
     1672.0000000000,      148.0152780153
     1674.0000000000,      221.6183149514
     1676.0000000000,      259.0212911289
     1678.0000000000,      202.3292367038
     1680.0000000000,      133.3938376344
     1682.0000000000,       91.3008988382
     1684.0000000000,       68.3289752870
     1686.0000000000,       55.6563036818
     1688.0000000000,       47.8081749773
     1690.0000000000,       44.0137281686
     1692.0000000000,       42.3016813151
     1694.0000000000,       42.0593098324
     1696.0000000000,       42.9746401301
     1698.0000000000,       44.9115167114
     1700.0000000000,       47.8520416511
     1702.0000000000,       51.8743022246
     1704.0000000000,       57.1525329445
     1706.0000000000,       63.9766950894
     1708.0000000000,       72.7955444159
     1710.0000000000,       84.2956493197
     1712.0000000000,       99.5431416555
     1714.0000000000,      120.2439553719
     1716.0000000000,      149.2418584592
     1718.0000000000,      191.5192383733
     1720.0000000000,      256.2974466292
     1722.0000000000,      361.4512358529
     1724.0000000000,      541.0081036985
     1726.0000000000,      839.2112928558
     1728.0000000000,     1186.0290844540
     1730.0000000000,     1301.8064163336
     1732.0000000000,     1342.1721161968
     1734.0000000000,     1538.5699143946
     1736.0000000000,     1580.8000158933
     1738.0000000000,     1180.5992266140
     1740.0000000000,      759.7558698142
     1742.0000000000,      504.6292369087
     1744.0000000000,      364.6208903987
     1746.0000000000,      289.7463204372
     1748.0000000000,      255.8725801756
     1750.0000000000,      255.5385221684
     1752.0000000000,      287.9794049385
     1754.0000000000,      326.3445895430
     1756.0000000000,      315.7382326637
     1758.0000000000,      298.0407768813
     1760.0000000000,      330.2425352298
     1762.0000000000,      436.4981680492
     1764.0000000000,      623.5869132755
     1766.0000000000,      743.4194744429
     1768.0000000000,      602.4159284947
     1770.0000000000,      405.8026762233
     1772.0000000000,      285.3805679508
     1774.0000000000,      225.6935883100
     1776.0000000000,      204.1151228903
     1778.0000000000,      212.7538547953
     1780.0000000000,      256.3074993058
     1782.0000000000,      343.8380022604
     1784.0000000000,      432.6854011461
     1786.0000000000,      407.9984496384
     1788.0000000000,      332.8433935458
     1790.0000000000,      307.3764709206
     1792.0000000000,      347.3978584058
     1794.0000000000,      457.2000959996
     1796.0000000000,      612.0488433235
     1798.0000000000,      785.7859659604
     1800.0000000000,      938.4211036099
     1802.0000000000,      808.9536448636
     1804.0000000000,      530.4930110077
     1806.0000000000,      334.9045718273
     1808.0000000000,      223.0410821781
     1810.0000000000,      158.1036141774
     1812.0000000000,      118.1184309691
     1814.0000000000,       91.9895122698
     1816.0000000000,       74.0184032190
     1818.0000000000,       61.0858377720
     1820.0000000000,       51.5005437420
     1822.0000000000,       44.1649707503
     1824.0000000000,       38.4119719180
     1826.0000000000,       33.8056099379
     1828.0000000000,       30.0513981629
     1830.0000000000,       26.9445674803
     1832.0000000000,       24.3390867967
     1834.0000000000,       22.1284709344
     1836.0000000000,       20.0839289983
     1838.0000000000,       18.4483820429
     1840.0000000000,       17.0223544241
     1842.0000000000,       15.7699193873
     1844.0000000000,       14.6627035421
     1846.0000000000,       13.6780377324
     1848.0000000000,       12.7976180338
     1850.0000000000,       12.0065217745
     1852.0000000000,       11.2924746304
     1854.0000000000,       10.6452979131
     1856.0000000000,       10.0564869499
     1858.0000000000,        9.5188860379
     1860.0000000000,        9.0264353760
     1862.0000000000,        8.5739722258
     1864.0000000000,        8.1570733442
     1866.0000000000,        7.7719291221
     1868.0000000000,        7.4152422958
     1870.0000000000,        7.0841458624
     1872.0000000000,        6.7761361177
     1874.0000000000,        6.4890176917
     1876.0000000000,        6.2208581686
     1878.0000000000,        5.9699504108
     1880.0000000000,        5.7347811169
     1882.0000000000,        5.5140044514
     1884.0000000000,        5.3064198244
     1886.0000000000,        5.1109530840
     1888.0000000000,        4.9266405302
     1890.0000000000,        4.2217614931
     1892.0000000000,        4.0701520931
     1894.0000000000,        3.8409659151
     1896.0000000000,        2.9139410329
     1898.0000000000,        2.8069814953
     1900.0000000000,        2.7058905949
     1902.0000000000,        2.6102414983
     1904.0000000000,        2.5196458700
     1906.0000000000,        2.4337497466
     1908.0000000000,        2.3522299201
     1910.0000000000,        2.2747907611
     1912.0000000000,        2.2011614203
     1914.0000000000,        2.1310933579
     1916.0000000000,        1.9652858108
     1918.0000000000,        1.9040780857
     1920.0000000000,        1.8457127292
     1922.0000000000,        1.7900149981
     1924.0000000000,        1.7368234684
     1926.0000000000,        1.2718102089
     1928.0000000000,        1.2333481181
     1930.0000000000,        1.1966076168
     1932.0000000000,        1.1614873199
     1934.0000000000,        1.1278932069
     1936.0000000000,        1.0957379887
     1938.0000000000,        1.0649405365
     1940.0000000000,        1.0354253669
     1942.0000000000,        1.0071221763
     1944.0000000000,        0.9799654199
     1946.0000000000,        0.7557850804
     1948.0000000000,        0.7355546635
     1950.0000000000,        0.7161257018
     1952.0000000000,        0.6974564176
     1954.0000000000,        0.6795077200
     1956.0000000000,        0.5412234058
     1958.0000000000,        0.5275738846
     1960.0000000000,        0.5144341774
     1962.0000000000,        0.0000000000
     1964.0000000000,        0.0000000000
     1966.0000000000,        0.0000000000
     1968.0000000000,        0.0000000000
     1970.0000000000,        0.0000000000
     1972.0000000000,        0.0000000000
     1974.0000000000,        0.0000000000
     1976.0000000000,        0.0000000000
     1978.0000000000,        0.0000000000
     1980.0000000000,        0.0000000000
     1982.0000000000,        0.0000000000
     1984.0000000000,        0.0000000000
     1986.0000000000,        0.0000000000
     1988.0000000000,        0.0000000000
     1990.0000000000,        0.0000000000
     1992.0000000000,        0.0000000000
     1994.0000000000,        0.0000000000
     1996.0000000000,        0.0000000000
     1998.0000000000,        0.0000000000
     2000.0000000000,        0.0000000000
     2002.0000000000,        0.0000000000
     2004.0000000000,        0.0000000000
     2006.0000000000,        0.0000000000
     2008.0000000000,        0.0000000000
     2010.0000000000,        0.0000000000
     2012.0000000000,        0.0000000000
     2014.0000000000,        0.0000000000
     2016.0000000000,        0.0000000000
     2018.0000000000,        0.0000000000
     2020.0000000000,        0.0000000000
     2022.0000000000,        0.0000000000
     2024.0000000000,        0.0000000000
     2026.0000000000,        0.0000000000
     2028.0000000000,        0.0000000000
     2030.0000000000,        0.0000000000
     2032.0000000000,        0.0000000000
     2034.0000000000,        0.0000000000
     2036.0000000000,        0.0000000000
     2038.0000000000,        0.0000000000
     2040.0000000000,        0.0000000000
     2042.0000000000,        0.0000000000
     2044.0000000000,        0.0000000000
     2046.0000000000,        0.0000000000
     2048.0000000000,        0.0000000000
     2050.0000000000,        0.0000000000
     2052.0000000000,        0.0000000000
     2054.0000000000,        0.0000000000
     2056.0000000000,        0.0000000000
     2058.0000000000,        0.0000000000
     2060.0000000000,        0.0000000000
     2062.0000000000,        0.0000000000
     2064.0000000000,        0.0000000000
     2066.0000000000,        0.0000000000
     2068.0000000000,        0.0000000000
     2070.0000000000,        0.0000000000
     2072.0000000000,        0.0000000000
     2074.0000000000,        0.0000000000
     2076.0000000000,        0.0000000000
     2078.0000000000,        0.0000000000
     2080.0000000000,        0.0000000000
     2082.0000000000,        0.0000000000
     2084.0000000000,        0.0000000000
     2086.0000000000,        0.0000000000
     2088.0000000000,        0.0000000000
     2090.0000000000,        0.0000000000
     2092.0000000000,        0.0000000000
     2094.0000000000,        0.0000000000
     2096.0000000000,        0.0000000000
     2098.0000000000,        0.0000000000
     2100.0000000000,        0.0000000000
     2102.0000000000,        0.0000000000
     2104.0000000000,        0.0000000000
     2106.0000000000,        0.0000000000
     2108.0000000000,        0.0000000000
     2110.0000000000,        0.0000000000
     2112.0000000000,        0.0000000000
     2114.0000000000,        0.0000000000
     2116.0000000000,        0.0000000000
     2118.0000000000,        0.0000000000
     2120.0000000000,        0.0000000000
     2122.0000000000,        0.0000000000
     2124.0000000000,        0.0000000000
     2126.0000000000,        0.0000000000
     2128.0000000000,        0.0000000000
     2130.0000000000,        0.0000000000
     2132.0000000000,        0.0000000000
     2134.0000000000,        0.0000000000
     2136.0000000000,        0.0000000000
     2138.0000000000,        0.0000000000
     2140.0000000000,        0.0000000000
     2142.0000000000,        0.0000000000
     2144.0000000000,        0.0000000000
     2146.0000000000,        0.0000000000
     2148.0000000000,        0.0000000000
     2150.0000000000,        0.0000000000
     2152.0000000000,        0.0000000000
     2154.0000000000,        0.0000000000
     2156.0000000000,        0.0000000000
     2158.0000000000,        0.0000000000
     2160.0000000000,        0.0000000000
     2162.0000000000,        0.0000000000
     2164.0000000000,        0.0000000000
     2166.0000000000,        0.0000000000
     2168.0000000000,        0.0000000000
     2170.0000000000,        0.0000000000
     2172.0000000000,        0.0000000000
     2174.0000000000,        0.0000000000
     2176.0000000000,        0.0000000000
     2178.0000000000,        0.0000000000
     2180.0000000000,        0.0000000000
     2182.0000000000,        0.0000000000
     2184.0000000000,        0.0000000000
     2186.0000000000,        0.0000000000
     2188.0000000000,        0.0000000000
     2190.0000000000,        0.0000000000
     2192.0000000000,        0.0000000000
     2194.0000000000,        0.0000000000
     2196.0000000000,        0.0000000000
     2198.0000000000,        0.0000000000
     2200.0000000000,        0.0000000000
     2202.0000000000,        0.0000000000
     2204.0000000000,        0.0000000000
     2206.0000000000,        0.0000000000
     2208.0000000000,        0.0000000000
     2210.0000000000,        0.0000000000
     2212.0000000000,        0.0000000000
     2214.0000000000,        0.0000000000
     2216.0000000000,        0.0000000000
     2218.0000000000,        0.0000000000
     2220.0000000000,        0.0000000000
     2222.0000000000,        0.0000000000
     2224.0000000000,        0.0000000000
     2226.0000000000,        0.0000000000
     2228.0000000000,        0.0000000000
     2230.0000000000,        0.0000000000
     2232.0000000000,        0.0000000000
     2234.0000000000,        0.0000000000
     2236.0000000000,        0.0000000000
     2238.0000000000,        0.0000000000
     2240.0000000000,        0.0000000000
     2242.0000000000,        0.0000000000
     2244.0000000000,        0.0000000000
     2246.0000000000,        0.0000000000
     2248.0000000000,        0.0000000000
     2250.0000000000,        0.0000000000
     2252.0000000000,        0.0000000000
     2254.0000000000,        0.0000000000
     2256.0000000000,        0.0000000000
     2258.0000000000,        0.0000000000
     2260.0000000000,        0.0000000000
     2262.0000000000,        0.0000000000
     2264.0000000000,        0.0000000000
     2266.0000000000,        0.0000000000
     2268.0000000000,        0.0000000000
     2270.0000000000,        0.0000000000
     2272.0000000000,        0.0000000000
     2274.0000000000,        0.0000000000
     2276.0000000000,        0.0000000000
     2278.0000000000,        0.0000000000
     2280.0000000000,        0.0000000000
     2282.0000000000,        0.0000000000
     2284.0000000000,        0.0000000000
     2286.0000000000,        0.0000000000
     2288.0000000000,        0.0000000000
     2290.0000000000,        0.0000000000
     2292.0000000000,        0.0000000000
     2294.0000000000,        0.0000000000
     2296.0000000000,        0.0000000000
     2298.0000000000,        0.0000000000
     2300.0000000000,        0.0000000000
     2302.0000000000,        0.0000000000
     2304.0000000000,        0.0000000000
     2306.0000000000,        0.0000000000
     2308.0000000000,        0.0000000000
     2310.0000000000,        0.0000000000
     2312.0000000000,        0.0000000000
     2314.0000000000,        0.0000000000
     2316.0000000000,        0.0000000000
     2318.0000000000,        0.0000000000
     2320.0000000000,        0.0000000000
     2322.0000000000,        0.0000000000
     2324.0000000000,        0.0000000000
     2326.0000000000,        0.0000000000
     2328.0000000000,        0.0000000000
     2330.0000000000,        0.0000000000
     2332.0000000000,        0.0000000000
     2334.0000000000,        0.0000000000
     2336.0000000000,        0.0000000000
     2338.0000000000,        0.0000000000
     2340.0000000000,        0.0000000000
     2342.0000000000,        0.0000000000
     2344.0000000000,        0.0000000000
     2346.0000000000,        0.0000000000
     2348.0000000000,        0.0000000000
     2350.0000000000,        0.0000000000
     2352.0000000000,        0.0000000000
     2354.0000000000,        0.0000000000
     2356.0000000000,        0.0000000000
     2358.0000000000,        0.0000000000
     2360.0000000000,        0.0000000000
     2362.0000000000,        0.0000000000
     2364.0000000000,        0.0000000000
     2366.0000000000,        0.0000000000
     2368.0000000000,        0.0000000000
     2370.0000000000,        0.0000000000
     2372.0000000000,        0.0000000000
     2374.0000000000,        0.0000000000
     2376.0000000000,        0.0000000000
     2378.0000000000,        0.0000000000
     2380.0000000000,        0.0000000000
     2382.0000000000,        0.0000000000
     2384.0000000000,        0.0000000000
     2386.0000000000,        0.0000000000
     2388.0000000000,        0.0000000000
     2390.0000000000,        0.0000000000
     2392.0000000000,        0.0000000000
     2394.0000000000,        0.0000000000
     2396.0000000000,        0.0000000000
     2398.0000000000,        0.0000000000
     2400.0000000000,        0.0000000000
     2402.0000000000,        0.0000000000
     2404.0000000000,        0.0000000000
     2406.0000000000,        0.0000000000
     2408.0000000000,        0.0000000000
     2410.0000000000,        0.0000000000
     2412.0000000000,        0.0000000000
     2414.0000000000,        0.0000000000
     2416.0000000000,        0.0000000000
     2418.0000000000,        0.0000000000
     2420.0000000000,        0.0000000000
     2422.0000000000,        0.0000000000
     2424.0000000000,        0.0000000000
     2426.0000000000,        0.0000000000
     2428.0000000000,        0.0000000000
     2430.0000000000,        0.0000000000
     2432.0000000000,        0.0000000000
     2434.0000000000,        0.0000000000
     2436.0000000000,        0.0000000000
     2438.0000000000,        0.0000000000
     2440.0000000000,        0.0000000000
     2442.0000000000,        0.0000000000
     2444.0000000000,        0.0000000000
     2446.0000000000,        0.0000000000
     2448.0000000000,        2.8201150930
     2450.0000000000,        2.8919519032
     2452.0000000000,        2.9665683174
     2454.0000000000,        3.0441095767
     2456.0000000000,        3.1247305323
     2458.0000000000,        3.2085964177
     2460.0000000000,        3.2958836960
     2462.0000000000,        3.3867809875
     2464.0000000000,        3.4814900886
     2466.0000000000,        3.5802270919
     2468.0000000000,        3.6832236186
     2470.0000000000,        3.7907281763
     2472.0000000000,        3.9030076583
     2474.0000000000,        4.0203489997
     2476.0000000000,        4.1430610099
     2478.0000000000,        4.2714764046
     2480.0000000000,        4.4059540604
     2482.0000000000,        4.5468815219
     2484.0000000000,        4.6946777931
     2486.0000000000,        4.8497964514
     2488.0000000000,        5.0127291272
     2490.0000000000,        5.1840093983
     2492.0000000000,        5.3642171574
     2494.0000000000,        5.5539835197
     2496.0000000000,        5.7539963474
     2498.0000000000,        5.9650064812
     2500.0000000000,        6.1878347860
     2502.0000000000,        6.4233801316
     2504.0000000000,        6.6726284559
     2506.0000000000,        6.9366630793
     2508.0000000000,        7.2166764730
     2510.0000000000,        7.5139837188
     2512.0000000000,        7.8300379459
     2514.0000000000,        8.1664480814
     2516.0000000000,        8.5249993196
     2518.0000000000,        8.9076767982
     2520.0000000000,        9.3166930652
     2522.0000000000,        9.7545200487
     2524.0000000000,       10.2239263908
     2526.0000000000,       10.7280211995
     2528.0000000000,       11.2703055098
     2530.0000000000,       11.8547330449
     2532.0000000000,       12.4857822474
     2534.0000000000,       13.1685420317
     2536.0000000000,       13.9088143246
     2538.0000000000,       14.7132372542
     2540.0000000000,       15.5894338739
     2542.0000000000,       16.5461926438
     2544.0000000000,       17.5936876566
     2546.0000000000,       18.7437489142
     2548.0000000000,       20.0101960729
     2550.0000000000,       21.4092532473
     2552.0000000000,       22.9600681385
     2554.0000000000,       24.6853665240
     2556.0000000000,       26.6122839134
     2558.0000000000,       28.7734312451
     2560.0000000000,       31.2082728372
     2562.0000000000,       33.9649254074
     2564.0000000000,       37.1025314295
     2566.0000000000,       40.6944256169
     2568.0000000000,       44.8324113818
     2570.0000000000,       49.6326133380
     2572.0000000000,       55.2436031093
     2574.0000000000,       61.8578609708
     2576.0000000000,       69.7282253663
     2578.0000000000,       79.1919561762
     2580.0000000000,       90.7066878242
     2582.0000000000,      104.9054240778
     2584.0000000000,      122.6828946983
     2586.0000000000,      145.3352030075
     2588.0000000000,      174.7932374161
     2590.0000000000,      214.0275960358
     2592.0000000000,      267.7810575221
     2594.0000000000,      343.9566223468
     2596.0000000000,      456.3829218905
     2598.0000000000,      630.5999540045
     2600.0000000000,      916.3465087140
     2602.0000000000,     1413.1501194790
     2604.0000000000,     2299.7100927523
     2606.0000000000,     3664.5367871083
     2608.0000000000,     4508.8914506759
     2610.0000000000,     3551.9931557720
     2612.0000000000,     2211.7532797771
     2614.0000000000,     1363.1819878190
     2616.0000000000,      888.1977588524
     2618.0000000000,      613.8649247380
     2620.0000000000,      445.8274617730
     2622.0000000000,      336.9422802337
     2624.0000000000,      262.9112837861
     2626.0000000000,      210.5213836734
     2628.0000000000,      172.1908944861
     2630.0000000000,      143.3536667170
     2632.0000000000,      121.1408898541
     2634.0000000000,      103.6828423288
     2636.0000000000,       89.7215570988
     2638.0000000000,       78.3868644922
     2640.0000000000,       69.0620360089
     2642.0000000000,       61.3004987277
     2644.0000000000,       54.7726819266
     2646.0000000000,       49.2312008392
     2648.0000000000,       44.4875139587
     2650.0000000000,       40.3959411971
     2652.0000000000,       36.8425123728
     2654.0000000000,       33.7370511123
     2656.0000000000,       31.0074667010
     2658.0000000000,       28.5955786239
     2660.0000000000,       26.4540218144
     2662.0000000000,       24.5439249514
     2664.0000000000,       22.8331491113
     2666.0000000000,       21.2949376191
     2668.0000000000,       19.9068710950
     2670.0000000000,       18.6500514358
     2672.0000000000,       17.5084592237
     2674.0000000000,       16.4684437364
     2676.0000000000,       15.5183152166
     2678.0000000000,       14.6480166489
     2680.0000000000,       13.8488578229
     2682.0000000000,       13.1132985446
     2684.0000000000,       12.4347708925
     2686.0000000000,       11.8075326904
     2688.0000000000,       11.2265460893
     2690.0000000000,       10.6873764636
     2692.0000000000,       10.1861078305
     2694.0000000000,        9.7192717788
     2696.0000000000,        9.2837874986
     2698.0000000000,        8.8769109745
     2700.0000000000,        8.4961917773
     2702.0000000000,        8.1394361832
     2704.0000000000,        7.8046755851
     2706.0000000000,        7.4901393437
     2708.0000000000,        7.1942313825
     2710.0000000000,        6.9155099461
     2712.0000000000,        6.6526700436
     2714.0000000000,        6.4045281784
     2716.0000000000,        6.1700090288
     2718.0000000000,        5.9481338017
     2720.0000000000,        5.7380100227
     2722.0000000000,        5.5388225628
     2724.0000000000,        5.3498257357
     2726.0000000000,        5.1703363199
     2728.0000000000,        4.9997273856
     2730.0000000000,        4.8374228218
     2732.0000000000,        4.6828924730
     2734.0000000000,        4.5356478114
     2736.0000000000,        4.3952380763
     2738.0000000000,        4.2612468252
     2740.0000000000,        4.1332888461
     2742.0000000000,        4.0110073895
     2744.0000000000,        3.8940716827
     2746.0000000000,        3.7821746925
     2748.0000000000,        3.6750311107
     2750.0000000000,        3.5723755356
     2752.0000000000,        3.4739608286
     2754.0000000000,        3.3795566268
     2756.0000000000,        3.2889479957
     2758.0000000000,        3.2019342053
     2760.0000000000,        3.1183276189
     2762.0000000000,        3.0379526820
     2764.0000000000,        2.9606449999
     2766.0000000000,        2.8862504982
     2768.0000000000,        0.0000000000
     2770.0000000000,        0.0000000000
     2772.0000000000,        0.0000000000
     2774.0000000000,        0.0000000000
     2776.0000000000,        0.0000000000
     2778.0000000000,        0.0000000000
     2780.0000000000,        0.0000000000
     2782.0000000000,        0.0000000000
     2784.0000000000,        0.0000000000
     2786.0000000000,        0.0000000000
     2788.0000000000,        0.0000000000
     2790.0000000000,        0.0000000000
     2792.0000000000,        0.0000000000
     2794.0000000000,        0.0000000000
     2796.0000000000,        0.0000000000
     2798.0000000000,        0.0000000000
     2800.0000000000,        0.0000000000
     2802.0000000000,        0.0000000000
     2804.0000000000,        0.0000000000
     2806.0000000000,        0.0000000000
     2808.0000000000,        0.0000000000
     2810.0000000000,        0.0000000000
     2812.0000000000,        0.0000000000
     2814.0000000000,        0.0000000000
     2816.0000000000,        0.0000000000
     2818.0000000000,        0.0000000000
     2820.0000000000,        0.0000000000
     2822.0000000000,        0.0000000000
     2824.0000000000,        0.0000000000
     2826.0000000000,        0.0000000000
     2828.0000000000,        0.0000000000
     2830.0000000000,        0.0000000000
     2832.0000000000,        0.0000000000
     2834.0000000000,        0.0000000000
     2836.0000000000,        0.0000000000
     2838.0000000000,        0.0000000000
     2840.0000000000,        0.0000000000
     2842.0000000000,        0.0000000000
     2844.0000000000,        0.0000000000
     2846.0000000000,        0.0000000000
     2848.0000000000,        0.0000000000
     2850.0000000000,        2.3434288799
     2852.0000000000,        2.4033097879
     2854.0000000000,        2.4655150245
     2856.0000000000,        2.5301664312
     2858.0000000000,        2.5973939371
     2860.0000000000,        2.6673362118
     2862.0000000000,        2.7401413803
     2864.0000000000,        2.8159678070
     2866.0000000000,        2.8949849571
     2868.0000000000,        2.9773743429
     2870.0000000000,        3.0633305664
     2872.0000000000,        3.1530624682
     2874.0000000000,        3.2467943958
     2876.0000000000,        3.3447676053
     2878.0000000000,        3.4472418144
     2880.0000000000,        3.5544969225
     2882.0000000000,        6.4708821636
     2884.0000000000,        6.6606007724
     2886.0000000000,        6.8588875716
     2888.0000000000,        7.0662723678
     2890.0000000000,        7.2833270045
     2892.0000000000,        7.5106694692
     2894.0000000000,        7.7489684793
     2896.0000000000,        7.9989486153
     2898.0000000000,        8.2613960740
     2900.0000000000,        8.5371651328
     2902.0000000000,        8.8271854263
     2904.0000000000,        9.1324701550
     2906.0000000000,        9.4541253675
     2908.0000000000,        9.7933604797
     2910.0000000000,       10.1515002246
     2912.0000000000,       10.5299982629
     2914.0000000000,       10.9304527236
     2916.0000000000,       11.3546239984
     2918.0000000000,       11.8044551736
     2920.0000000000,       12.2820955592
     2922.0000000000,       12.7899278707
     2924.0000000000,       13.3305997289
     2926.0000000000,       13.9070602892
     2928.0000000000,       14.5226029843
     2930.0000000000,       15.1809155871
     2932.0000000000,       15.8861390730
     2934.0000000000,       16.6429371115
     2936.0000000000,       17.4565784572
     2938.0000000000,       18.3330350757
     2940.0000000000,       19.2790995633
     2942.0000000000,       20.3025263591
     2944.0000000000,       21.4122024691
     2946.0000000000,       22.6827269883
     2948.0000000000,       23.9988204703
     2950.0000000000,       25.4370026765
     2952.0000000000,       27.0132977759
     2954.0000000000,       28.7465064390
     2956.0000000000,       30.6744944476
     2958.0000000000,       32.7926367427
     2960.0000000000,       35.1477040826
     2962.0000000000,       37.7775777375
     2964.0000000000,       40.7281996560
     2966.0000000000,       44.0557520503
     2968.0000000000,       47.8295624770
     2970.0000000000,       52.1360250600
     2972.0000000000,       57.0839663601
     2974.0000000000,       62.8120987544
     2976.0000000000,       69.4995442451
     2978.0000000000,       77.3809630025
     2980.0000000000,       86.7687366308
     2982.0000000000,       98.0862171296
     2984.0000000000,      111.9187912048
     2986.0000000000,      129.0944689094
     2988.0000000000,      150.8150043537
     2990.0000000000,      178.8766708769
     2992.0000000000,      216.0566018371
     2994.0000000000,      266.8187140377
     2996.0000000000,      338.6666730252
     2998.0000000000,      444.8716747324
     3000.0000000000,      610.2371398449
     3002.0000000000,      883.5362311617
     3004.0000000000,     1361.7574398411
     3006.0000000000,     2203.7116420377
     3008.0000000000,     3367.2648185687
     3010.0000000000,     3725.4364426348
     3012.0000000000,     2722.1981594974
     3014.0000000000,     1713.8930165149
     3016.0000000000,     1120.8928447684
     3018.0000000000,      799.7349067284
     3020.0000000000,      625.8751994637
     3022.0000000000,      536.5211948548
     3024.0000000000,      501.2428331728
     3026.0000000000,      509.7793862636
     3028.0000000000,      563.3779236173
     3030.0000000000,      675.9025529660
     3032.0000000000,      880.9569030885
     3034.0000000000,     1250.0371151957
     3036.0000000000,     1924.5387005004
     3038.0000000000,     3085.1262894629
     3040.0000000000,     4339.3937802773
     3042.0000000000,     4074.0209235706
     3044.0000000000,     2702.8626078515
     3046.0000000000,     1663.2060737731
     3048.0000000000,     1069.8504441359
     3050.0000000000,      732.5626827985
     3052.0000000000,      529.9736637385
     3054.0000000000,      400.8282132682
     3056.0000000000,      314.0892270234
     3058.0000000000,      253.2348691558
     3060.0000000000,      208.9716541041
     3062.0000000000,      175.7980189993
     3064.0000000000,      150.3073226394
     3066.0000000000,      130.3063230537
     3068.0000000000,      114.3347811425
     3070.0000000000,      101.3920830932
     3072.0000000000,       90.7756036653
     3074.0000000000,       81.9819157894
     3076.0000000000,       74.6447248435
     3078.0000000000,       68.4950855359
     3080.0000000000,       63.3357200540
     3082.0000000000,       59.0247956984
     3084.0000000000,       55.4667046419
     3086.0000000000,       52.6090021213
     3088.0000000000,       50.4463111926
     3090.0000000000,       49.0344726555
     3092.0000000000,       48.5230170060
     3094.0000000000,       49.2246342272
     3096.0000000000,       51.7647756671
     3098.0000000000,       57.4068404292
     3100.0000000000,       68.6985987455
     3102.0000000000,       89.9682929519
     3104.0000000000,      121.2254628153
     3106.0000000000,      133.8467098101
     3108.0000000000,      108.2870324672
     3110.0000000000,       81.7417518794
     3112.0000000000,       69.1008411736
     3114.0000000000,       66.5111801928
     3116.0000000000,       63.0997218066
     3118.0000000000,       52.6248729814
     3120.0000000000,       44.2030244626
     3122.0000000000,       38.3446995596
     3124.0000000000,       34.8856275649
     3126.0000000000,       32.8098953440
     3128.0000000000,       31.5765883439
     3130.0000000000,       30.9084099045
     3132.0000000000,       30.6604898887
     3134.0000000000,       30.7576169644
     3136.0000000000,       31.1646928345
     3138.0000000000,       31.8726877008
     3140.0000000000,       32.8922721173
     3142.0000000000,       34.2517308936
     3144.0000000000,       35.9977805311
     3146.0000000000,       38.1989578978
     3148.0000000000,       40.9519706370
     3150.0000000000,       44.3921521992
     3152.0000000000,       48.7102604441
     3154.0000000000,       54.1797682958
     3156.0000000000,       61.2024373749
     3158.0000000000,       70.3873468402
     3160.0000000000,       82.6943017936
     3162.0000000000,       99.7076863521
     3164.0000000000,      124.1868054630
     3166.0000000000,      161.2071519937
     3168.0000000000,      220.3680569244
     3170.0000000000,      315.3377292417
     3172.0000000000,      456.1869969135
     3174.0000000000,      580.3237046334
     3176.0000000000,      691.5024269208
     3178.0000000000,      929.0228015341
     3180.0000000000,     1245.6028362034
     3182.0000000000,     1244.9166298365
     3184.0000000000,      892.4161598048
     3186.0000000000,      600.3948012299
     3188.0000000000,      452.7457370709
     3190.0000000000,      409.6835648504
     3192.0000000000,      456.2038634183
     3194.0000000000,      605.3554563165
     3196.0000000000,      806.7626714934
     3198.0000000000,      789.1961056616
     3200.0000000000,      548.7466580523
     3202.0000000000,      347.5148894634
     3204.0000000000,      231.2599217546
     3206.0000000000,      164.2254689756
     3208.0000000000,      123.4045390953
     3210.0000000000,       97.0088414828
     3212.0000000000,       79.0394198545
     3214.0000000000,       66.2906266904
     3216.0000000000,       56.9498028024
     3218.0000000000,       49.9369092449
     3220.0000000000,       44.5786256185
     3222.0000000000,       42.2070205227
     3224.0000000000,       39.0401275723
     3226.0000000000,       36.6039570749
     3228.0000000000,       34.7610114459
     3230.0000000000,       33.4159064464
     3232.0000000000,       32.5035538149
     3234.0000000000,       31.9817834577
     3236.0000000000,       31.8268586453
     3238.0000000000,       32.0310162773
     3240.0000000000,       32.6015760217
     3242.0000000000,       33.5614418945
     3244.0000000000,       34.9510475096
     3246.0000000000,       36.8320302428
     3248.0000000000,       39.2932187536
     3250.0000000000,       42.4599631592
     3252.0000000000,       46.5085608645
     3254.0000000000,       51.6887770607
     3256.0000000000,       58.3596982640
     3258.0000000000,       67.0483428583
     3260.0000000000,       78.5485938420
     3262.0000000000,       94.0945362614
     3264.0000000000,      115.6773194653
     3266.0000000000,      146.5887175890
     3268.0000000000,      192.9012963523
     3270.0000000000,      265.6669279979
     3272.0000000000,      386.7569196987
     3274.0000000000,      599.7310784205
     3276.0000000000,      976.5797435594
     3278.0000000000,     1503.3227836015
     3280.0000000000,     1676.2978704346
     3282.0000000000,     1220.8347906443
     3284.0000000000,      752.2717048509
     3286.0000000000,      471.7942728031
     3288.0000000000,      314.6991929791
     3290.0000000000,      222.8648328754
     3292.0000000000,      165.9200300315
     3294.0000000000,      128.6548978878
     3296.0000000000,      103.1407498468
     3298.0000000000,       85.0128279868
     3300.0000000000,       71.7385908016
     3302.0000000000,       61.7782457951
     3304.0000000000,       54.1568736220
     3306.0000000000,       48.2353450297
     3308.0000000000,       43.5820241777
     3310.0000000000,       39.8979712068
     3312.0000000000,       36.9717595818
     3314.0000000000,       34.6513196254
     3316.0000000000,       32.8259115856
     3318.0000000000,       31.4143162943
     3320.0000000000,       30.3569549028
     3322.0000000000,       31.0735778438
     3324.0000000000,       30.6452071214
     3326.0000000000,       30.4783959648
     3328.0000000000,       30.5615833225
     3330.0000000000,       30.8909411805
     3332.0000000000,       31.4699556026
     3334.0000000000,       32.1519350098
     3336.0000000000,       33.2745289766
     3338.0000000000,       34.7038205574
     3340.0000000000,       36.4038193414
     3342.0000000000,       37.8937320257
     3344.0000000000,       40.5454492099
     3346.0000000000,       43.7485981731
     3348.0000000000,       47.6204032996
     3350.0000000000,       52.3167800042
     3352.0000000000,       58.0474427478
     3354.0000000000,       65.0985526321
     3356.0000000000,       73.8674321059
     3358.0000000000,       84.4512408554
     3360.0000000000,       98.6103620119
     3362.0000000000,      117.3892032160
     3364.0000000000,      142.1459104854
     3366.0000000000,      176.0229081494
     3368.0000000000,      224.1035530858
     3370.0000000000,      295.1591669305
     3372.0000000000,      405.4086178713
     3374.0000000000,      586.4692795801
     3376.0000000000,      901.5969085379
     3378.0000000000,     1463.6749661670
     3380.0000000000,     2322.5172627181
     3382.0000000000,     2831.6191182833
     3384.0000000000,     2214.6058611459
     3386.0000000000,     1379.6113867105
     3388.0000000000,      854.3205242605
     3390.0000000000,      560.4471360760
     3392.0000000000,      390.6434707136
     3394.0000000000,      286.6295191141
     3396.0000000000,      219.2876341179
     3398.0000000000,      173.5971493086
     3400.0000000000,      141.3831612713
     3402.0000000000,      117.9529408123
     3404.0000000000,      100.4811950602
     3406.0000000000,       87.1957399041
     3408.0000000000,       76.9460390857
     3410.0000000000,       68.9640915652
     3412.0000000000,       62.7266944186
     3414.0000000000,       57.8736655280
     3416.0000000000,       54.1584794840
     3418.0000000000,       51.4188364254
     3420.0000000000,       49.5606981296
     3422.0000000000,       48.5530626663
     3424.0000000000,       48.4338072309
     3426.0000000000,       49.3307053583
     3428.0000000000,       51.5083424031
     3430.0000000000,       55.4656261037
     3432.0000000000,       62.1405441566
     3434.0000000000,       73.3519140573
     3436.0000000000,       92.7424307217
     3438.0000000000,      127.3583375366
     3440.0000000000,      184.7917135467
     3442.0000000000,      246.4635763494
     3444.0000000000,      233.2122731269
     3446.0000000000,      169.5904805212
     3448.0000000000,      123.5724868507
     3450.0000000000,      100.6594274315
     3452.0000000000,       89.9404066808
     3454.0000000000,       86.9169498980
     3456.0000000000,       89.1038870198
     3458.0000000000,       95.6279845649
     3460.0000000000,      106.5891963351
     3462.0000000000,      122.8944219732
     3464.0000000000,      146.4134355134
     3466.0000000000,      180.4944983175
     3468.0000000000,      231.0943607109
     3470.0000000000,      309.1777279801
     3472.0000000000,      435.9094186265
     3474.0000000000,      653.6420726998
     3476.0000000000,     1042.9130794378
     3478.0000000000,     1687.6848610609
     3480.0000000000,     2283.4879522715
     3482.0000000000,     2008.4654347421
     3484.0000000000,     1296.8002228337
     3486.0000000000,      798.8193332130
     3488.0000000000,      518.4034979754
     3490.0000000000,      359.0644044495
     3492.0000000000,      263.5747950313
     3494.0000000000,      203.2830885758
     3496.0000000000,      163.6557523665
     3498.0000000000,      136.9845420772
     3500.0000000000,      119.0244263516
     3502.0000000000,      107.4255070923
     3504.0000000000,      100.9993297916
     3506.0000000000,       99.4196214550
     3508.0000000000,      103.2208612994
     3510.0000000000,      114.1278610718
     3512.0000000000,      135.9541343347
     3514.0000000000,      176.6545118787
     3516.0000000000,      252.2652928103
     3518.0000000000,      387.8060484609
     3520.0000000000,      567.3299534405
     3522.0000000000,      606.5683661060
     3524.0000000000,      443.9501922582
     3526.0000000000,      281.7116123296
     3528.0000000000,      183.5709687248
     3530.0000000000,      127.9828294135
     3532.0000000000,       95.0806339728
     3534.0000000000,       74.3873048310
     3536.0000000000,       60.6347627985
     3538.0000000000,       51.0678287470
     3540.0000000000,       44.1644880930
     3542.0000000000,       37.2756113386
     3544.0000000000,       33.4289762888
     3546.0000000000,       30.4736002797
     3548.0000000000,       28.1840918742
     3550.0000000000,       26.4085590129
     3552.0000000000,       25.0426600301
     3554.0000000000,       24.0139653903
     3556.0000000000,       23.2722823080
     3558.0000000000,       22.7835650629
     3560.0000000000,       22.5260714178
     3562.0000000000,       22.4879949509
     3564.0000000000,       22.6661300662
     3566.0000000000,       23.0653255362
     3568.0000000000,       23.6986150162
     3570.0000000000,       24.5880147634
     3572.0000000000,       25.7660739724
     3574.0000000000,       27.2783727506
     3576.0000000000,       29.1873114057
     3578.0000000000,       31.5777584730
     3580.0000000000,       34.5654838671
     3582.0000000000,       38.3099050222
     3584.0000000000,       43.0337184404
     3586.0000000000,       49.0538660946
     3588.0000000000,       56.8317806901
     3590.0000000000,       67.0576119968
     3592.0000000000,       80.7967555785
     3594.0000000000,       99.7556854025
     3596.0000000000,      126.7872751571
     3598.0000000000,      166.9007653023
     3600.0000000000,      229.3806198063
     3602.0000000000,      332.3616354013
     3604.0000000000,      511.9774960975
     3606.0000000000,      832.3860153341
     3608.0000000000,     1314.5088752640
     3610.0000000000,     1575.2897267085
     3612.0000000000,     1212.6977123406
     3614.0000000000,      752.3517346213
     3616.0000000000,      466.0260381748
     3618.0000000000,      305.7658262397
     3620.0000000000,      212.8538359475
     3622.0000000000,      155.7004308274
     3624.0000000000,      118.5186865722
     3626.0000000000,       93.1467940105
     3628.0000000000,       75.1311095157
     3630.0000000000,       62.0098485427
     3632.0000000000,       52.0333135516
     3634.0000000000,       44.3256679454
     3636.0000000000,       38.2498973382
     3638.0000000000,       33.4613078340
     3640.0000000000,       29.4950675444
     3642.0000000000,       24.8154586458
     3644.0000000000,       22.1177647830
     3646.0000000000,       19.8462622137
     3648.0000000000,       17.9159489839
     3650.0000000000,       16.2619778220
     3652.0000000000,       14.8341981565
     3654.0000000000,       13.5933434463
     3656.0000000000,       12.5083219040
     3658.0000000000,       11.5542610535
     3660.0000000000,       10.7110761145
     3662.0000000000,        9.9624080914
     3664.0000000000,        9.2948265556
     3666.0000000000,        8.6972244542
     3668.0000000000,        8.1603539446
     3670.0000000000,        7.6764669809
     3672.0000000000,        7.2390345369
     3674.0000000000,        6.8425254466
     3676.0000000000,        6.4822308638
     3678.0000000000,        6.1541239331
     3680.0000000000,        5.8547468665
     3682.0000000000,        5.2848308046
     3684.0000000000,        4.9666564320
     3686.0000000000,        4.7459242994
     3688.0000000000,        4.5438735788
     3690.0000000000,        4.3588273727
     3692.0000000000,        4.1893244992
     3694.0000000000,        4.0340911189
     3696.0000000000,        3.8920171486
     3698.0000000000,        3.7621366555
     3700.0000000000,        3.6436115869
     3702.0000000000,        3.5357183296
     3704.0000000000,        3.4378366959
     3706.0000000000,        3.3494410251
     3708.0000000000,        3.2700931612
     3710.0000000000,        3.1994371336
     3712.0000000000,        3.1371954228
     3714.0000000000,        3.0831667480
     3716.0000000000,        3.0372253643
     3718.0000000000,        2.9993219110
     3720.0000000000,        2.9694859108
     3722.0000000000,        2.9478300873
     3724.0000000000,        2.9345567446
     3726.0000000000,        2.9299665524
     3728.0000000000,        2.9344702022
     3730.0000000000,        2.9486035583
     3732.0000000000,        2.9730471370
     3734.0000000000,        3.0086510260
     3736.0000000000,        3.0564667325
     3738.0000000000,        3.1177879661
     3740.0000000000,        3.1942030791
     3742.0000000000,        3.2876628933
     3744.0000000000,        3.4005690751
     3746.0000000000,        3.5358902870
     3748.0000000000,        3.6973163631
     3750.0000000000,        3.8894652478
     3752.0000000000,        4.1181642134
     3754.0000000000,        4.3908372990
     3756.0000000000,        4.7170472528
     3758.0000000000,        5.1092664346
     3760.0000000000,        5.5839940301
     3762.0000000000,        6.1634090599
     3764.0000000000,        6.8778733935
     3766.0000000000,        7.7698214663
     3768.0000000000,        8.8999840420
     3770.0000000000,        9.3758464014
     3772.0000000000,       11.3207006360
     3774.0000000000,       13.9412545922
     3776.0000000000,       17.5882648728
     3778.0000000000,       22.8669505140
     3780.0000000000,       30.8801795038
     3782.0000000000,       43.7484297800
     3784.0000000000,       65.6547010155
     3786.0000000000,      103.8918491114
     3788.0000000000,      161.0365183204
     3790.0000000000,      197.6025351368
     3792.0000000000,      180.0161619136
     3794.0000000000,      169.4205105939
     3796.0000000000,      177.2366004620
     3798.0000000000,      149.5116435328
     3800.0000000000,       98.7729956300
     3802.0000000000,       62.8272178186
     3804.0000000000,       41.9715277288
     3806.0000000000,       29.6936213014
     3808.0000000000,       22.0413468164
     3810.0000000000,       16.9942169585
     3812.0000000000,       13.5014034444
     3814.0000000000,       10.9868839889
     3816.0000000000,        9.1170319199
     3818.0000000000,        7.6887575262
     3820.0000000000,        6.5729797617
     3822.0000000000,        5.6845568525
     3824.0000000000,        4.9655096127
     3826.0000000000,        4.3752524326
     3828.0000000000,        3.8846856203
     3830.0000000000,        3.4725016468
     3832.0000000000,        3.1228065129
     3834.0000000000,        2.8235473971
     3836.0000000000,        2.5654487560
     3838.0000000000,        2.3412772661
     3840.0000000000,        2.1453243269
     3842.0000000000,        1.9730354884
     3844.0000000000,        1.8207409624
     3846.0000000000,        1.6854568674
     3848.0000000000,        1.5647367402
     3850.0000000000,        1.4565592823
     3852.0000000000,        1.3592425680
     3854.0000000000,        1.2713778115
     3856.0000000000,        1.1917777543
     3858.0000000000,        1.1194360938
     3860.0000000000,        1.0534953320
     3862.0000000000,        0.9932211029
     3864.0000000000,        0.9379815276
     3866.0000000000,        0.8872305007
     3868.0000000000,        0.8404940759
     3870.0000000000,        0.7973593091
     3872.0000000000,        0.7574650651
     3874.0000000000,        0.7204944025
     3876.0000000000,        0.6861682340
     3878.0000000000,        0.6542400235
     3880.0000000000,        0.6244913311
     3882.0000000000,        0.5967280536
     3884.0000000000,        0.5707772398
     3886.0000000000,        0.5464843817
     3888.0000000000,        0.5237111022
     3890.0000000000,        0.5023331744
     3892.0000000000,        0.4822388191
     3894.0000000000,        0.4633272367
     3896.0000000000,        0.4455073370
     3898.0000000000,        0.4286966379
     3900.0000000000,        0.4128203068
     3902.0000000000,        0.3978103240
     3904.0000000000,        0.3836047518
     3906.0000000000,        0.3701470932
     3908.0000000000,        0.3573857273
     3910.0000000000,        0.3452734136
     3912.0000000000,        0.3337668524
     3914.0000000000,        0.3228262973
     3916.0000000000,        0.3124152101
     3918.0000000000,        0.3024999558
     3920.0000000000,        0.2930495289
     3922.0000000000,        0.2840353114
     3924.0000000000,        0.2754308550
     3926.0000000000,        0.2672116865
     3928.0000000000,        0.2593551337
     3930.0000000000,        0.2518401682
     3932.0000000000,        0.2446472650
     3934.0000000000,        0.2377582744
     3936.0000000000,        0.2311563082
     3938.0000000000,        0.2248256354
     3940.0000000000,        0.2187515885
     3942.0000000000,        0.2129204782
     3944.0000000000,        0.2073195163
     3946.0000000000,        0.2019367454
     3948.0000000000,        0.1967609748
     3950.0000000000,        0.0905665522
     3952.0000000000,        0.0882518839
     3954.0000000000,        0.0860248123
     3956.0000000000,        0.0838809736
     3958.0000000000,        0.0000000000
     3960.0000000000,        0.0000000000
     3962.0000000000,        0.0000000000
     3964.0000000000,        0.0000000000
     3966.0000000000,        0.0000000000
     3968.0000000000,        0.0000000000
     3970.0000000000,        0.0000000000
     3972.0000000000,        0.0000000000
     3974.0000000000,        0.0000000000
     3976.0000000000,        0.0000000000
     3978.0000000000,        0.0000000000
     3980.0000000000,        0.0000000000
     3982.0000000000,        0.0000000000
     3984.0000000000,        0.0000000000
     3986.0000000000,        0.0000000000
     3988.0000000000,        0.0000000000
     3990.0000000000,        0.0000000000
     3992.0000000000,        0.0000000000
     3994.0000000000,        0.0000000000
     3996.0000000000,        0.0000000000
     3998.0000000000,        0.0000000000
