   4.0000000000,        2.4308621331
  13.0000000000,        6.9363510004
  22.0000000000,        8.4556320032
  31.0000000000,       18.2899184821
  40.0000000000,       39.7357321793
  49.0000000000,       24.2948742969
  58.0000000000,       65.3665585474
  67.0000000000,      122.6344787803
  76.0000000000,       30.0972260268
  85.0000000000,       25.6543997434
  94.0000000000,       35.3617293721
 103.0000000000,       22.5075776323
 112.0000000000,       17.0471019458
 121.0000000000,       63.3195759587
 130.0000000000,       13.6434059475
 139.0000000000,       11.7622728275
 148.0000000000,       15.2835917364
 157.0000000000,       25.0511386833
 166.0000000000,       26.2664869922
 175.0000000000,       42.5582917509
 184.0000000000,       15.1876131652
 193.0000000000,       29.1606877419
 202.0000000000,       14.5558293753
 211.0000000000,       18.1304063341
 220.0000000000,       14.3509501535
 229.0000000000,       19.8154387419
 238.0000000000,       34.9720118738
 247.0000000000,       73.4611547207
 256.0000000000,      194.1436477374
 265.0000000000,      901.6303211071
 274.0000000000,      256.4968714336
 283.0000000000,      249.8654250558
 292.0000000000,      468.8639924594
 301.0000000000,      105.0957537275
 310.0000000000,       66.5938209066
 319.0000000000,      125.0276012635
 328.0000000000,      409.0897391640
 337.0000000000,      301.4828471314
 346.0000000000,      102.1877559756
 355.0000000000,      267.3148485671
 364.0000000000,      214.4890715664
 373.0000000000,      151.8236329599
 382.0000000000,       71.6772376053
 391.0000000000,       23.8394267375
 400.0000000000,       13.5701100316
 409.0000000000,        9.7904127322
 418.0000000000,        7.8867752372
 427.0000000000,        6.3508401490
 436.0000000000,        6.0304832920
 445.0000000000,        6.3439909787
 454.0000000000,        6.9727134099
 463.0000000000,        9.9063185377
 472.0000000000,       22.7851587107
 481.0000000000,       47.4468963151
 490.0000000000,       29.8706492435
 499.0000000000,       75.7927834358
 508.0000000000,      379.1173501030
 517.0000000000,      216.5153371503
 526.0000000000,      120.1673082471
 535.0000000000,      137.2045032517
 544.0000000000,       89.9713854360
 553.0000000000,      109.2323137364
 562.0000000000,      178.4776084172
 571.0000000000,       41.8682834975
 580.0000000000,       27.8808112349
 589.0000000000,       65.6383104845
 598.0000000000,      117.9281111574
 607.0000000000,      124.9822647549
 616.0000000000,      125.6955853056
 625.0000000000,       25.7705735833
 634.0000000000,       13.0848608129
 643.0000000000,        9.8464490107
 652.0000000000,        9.6302168516
 661.0000000000,       12.3700010761
 670.0000000000,       26.6213179396
 679.0000000000,      102.7070023083
 688.0000000000,       51.9194736227
 697.0000000000,       47.2015847770
 706.0000000000,       45.8810752473
 715.0000000000,      157.3059889843
 724.0000000000,      439.6920282718
 733.0000000000,       80.9110483705
 742.0000000000,       90.4238342288
 751.0000000000,       55.2741887912
 760.0000000000,       34.8693380475
 769.0000000000,       48.7910046537
 778.0000000000,      120.1332933674
 787.0000000000,      734.9259294602
 796.0000000000,      330.7603762002
 805.0000000000,       83.5006565904
 814.0000000000,       49.2033469877
 823.0000000000,       57.3493416855
 832.0000000000,      169.8099311255
 841.0000000000,      541.0185019328
 850.0000000000,      225.4808786343
 859.0000000000,       60.8488349820
 868.0000000000,       37.0026678183
 877.0000000000,       44.3640740130
 886.0000000000,      145.2266755978
 895.0000000000,      317.9538965476
 904.0000000000,       56.1098874770
 913.0000000000,       24.6116529559
 922.0000000000,       17.5066357458
 931.0000000000,       17.3971947684
 940.0000000000,       25.1140439178
 949.0000000000,       69.5670117544
 958.0000000000,      288.9472933467
 967.0000000000,       84.3852446440
 976.0000000000,       79.4605873785
 985.0000000000,      144.0912450039
 994.0000000000,       35.5717844700
1003.0000000000,       40.8438203830
1012.0000000000,       47.9185637784
1021.0000000000,       32.0973999323
1030.0000000000,       40.6877423690
1039.0000000000,       83.4494693832
1048.0000000000,      316.7404888829
1057.0000000000,     1059.6627637403
1066.0000000000,      332.1381068519
1075.0000000000,       83.2010905290
1084.0000000000,       37.2776087113
1093.0000000000,       21.5809350005
1102.0000000000,       14.5619307980
1111.0000000000,       11.1092033427
1120.0000000000,        9.5792566365
1129.0000000000,       10.7859319216
1138.0000000000,       22.8391866827
1147.0000000000,       90.7487116308
1156.0000000000,       25.9208899648
1165.0000000000,       15.0064435857
1174.0000000000,       26.7865816227
1183.0000000000,      146.2622014624
1192.0000000000,       69.8634405198
1201.0000000000,       16.2880552375
1210.0000000000,        7.6864933796
1219.0000000000,        4.4137082150
1228.0000000000,        2.8006319726
1237.0000000000,        2.2422503125
1246.0000000000,        2.3803085079
1255.0000000000,        2.5644364790
1264.0000000000,        2.6867305142
1273.0000000000,        2.9479986565
1282.0000000000,        3.3732526236
1291.0000000000,        4.0240804354
1300.0000000000,        5.0259983720
1309.0000000000,        6.5826690561
1318.0000000000,        9.4445270116
1327.0000000000,       15.3600342781
1336.0000000000,       31.9508016796
1345.0000000000,      125.4534630134
1354.0000000000,      306.6087174314
1363.0000000000,      246.2338263835
1372.0000000000,      144.2578240814
1381.0000000000,       68.2948804475
1390.0000000000,       67.4565971326
1399.0000000000,      228.9114454087
1408.0000000000,      526.0904367732
1417.0000000000,      309.6551982860
1426.0000000000,       63.2895505322
1435.0000000000,       27.9569016258
1444.0000000000,       16.8239842810
1453.0000000000,       12.0502053060
1462.0000000000,        9.7451041991
1471.0000000000,        8.7041882897
1480.0000000000,        8.5324914802
1489.0000000000,        9.2972606395
1498.0000000000,       12.2547183923
1507.0000000000,       30.0123981293
1516.0000000000,       36.4586653282
1525.0000000000,       26.7189243581
1534.0000000000,       29.5492380135
1543.0000000000,       51.3599619647
1552.0000000000,      132.8357863915
1561.0000000000,      786.4023753762
1570.0000000000,      415.8008913283
1579.0000000000,      270.1078312880
1588.0000000000,      859.0026600425
1597.0000000000,      139.8650909378
1606.0000000000,       52.1112129370
1615.0000000000,       30.1286666089
1624.0000000000,       21.8677062723
1633.0000000000,       18.4006934081
1642.0000000000,       18.0806173752
1651.0000000000,       19.4941188624
1660.0000000000,       23.9565198229
1669.0000000000,       35.6895861274
1678.0000000000,       81.4285856135
1687.0000000000,      370.1983663638
1696.0000000000,      196.3925492891
1705.0000000000,      349.7361834836
1714.0000000000,      242.6440224855
1723.0000000000,     1125.1343672700
1732.0000000000,      367.3826051786
1741.0000000000,      462.6381673034
1750.0000000000,      606.3850370653
1759.0000000000,      737.7454336721
1768.0000000000,      617.3745560869
1777.0000000000,      624.9677461530
1786.0000000000,      254.0783890430
1795.0000000000,      490.2253304147
1804.0000000000,      365.7636598358
1813.0000000000,       82.7223718907
1822.0000000000,       38.8048111591
1831.0000000000,       23.8533602344
1840.0000000000,       16.6262750736
1849.0000000000,       12.2522202232
1858.0000000000,        9.5459668009
1867.0000000000,        7.5505096024
1876.0000000000,        6.2370646205
1885.0000000000,        4.6015628503
1894.0000000000,        3.9066453930
1903.0000000000,        3.1051071506
1912.0000000000,        2.3774656103
1921.0000000000,        2.0595309518
1930.0000000000,        1.3568854565
1939.0000000000,        0.8398642988
1948.0000000000,        0.5601429184
1957.0000000000,        0.4981825285
1966.0000000000,        0.0000000000
1975.0000000000,        0.0000000000
1984.0000000000,        0.0000000000
1993.0000000000,        0.0000000000
2002.0000000000,        0.0000000000
2011.0000000000,        0.0000000000
2020.0000000000,        0.0000000000
2029.0000000000,        0.0000000000
2038.0000000000,        0.0000000000
2047.0000000000,        0.0000000000
2056.0000000000,        0.0000000000
2065.0000000000,        0.0000000000
2074.0000000000,        0.0000000000
2083.0000000000,        0.0000000000
2092.0000000000,        0.0000000000
2101.0000000000,        0.0000000000
2110.0000000000,        0.0000000000
2119.0000000000,        0.0000000000
2128.0000000000,        0.0000000000
2137.0000000000,        0.0000000000
2146.0000000000,        0.0000000000
2155.0000000000,        0.0000000000
2164.0000000000,        0.0000000000
2173.0000000000,        0.0000000000
2182.0000000000,        0.0000000000
2191.0000000000,        0.0000000000
2200.0000000000,        0.0000000000
2209.0000000000,        0.0000000000
2218.0000000000,        0.0000000000
2227.0000000000,        0.0000000000
2236.0000000000,        0.0000000000
2245.0000000000,        0.0000000000
2254.0000000000,        0.0000000000
2263.0000000000,        0.0000000000
2272.0000000000,        0.0000000000
2281.0000000000,        0.0000000000
2290.0000000000,        0.0000000000
2299.0000000000,        0.0000000000
2308.0000000000,        0.0000000000
2317.0000000000,        0.0000000000
2326.0000000000,        0.0000000000
2335.0000000000,        0.0000000000
2344.0000000000,        0.0000000000
2353.0000000000,        0.0000000000
2362.0000000000,        0.0000000000
2371.0000000000,        0.0000000000
2380.0000000000,        0.0000000000
2389.0000000000,        0.0000000000
2398.0000000000,        0.0000000000
2407.0000000000,        0.0000000000
2416.0000000000,        0.0000000000
2425.0000000000,        0.0000000000
2434.0000000000,        0.0000000000
2443.0000000000,        0.0000000000
2452.0000000000,        0.0000000000
2461.0000000000,        0.0000000000
2470.0000000000,        0.0000000000
2479.0000000000,        0.0000000000
2488.0000000000,        0.0000000000
2497.0000000000,        0.0000000000
2506.0000000000,        0.0000000000
2515.0000000000,        0.0000000000
2524.0000000000,        0.0000000000
2533.0000000000,        0.0000000000
2542.0000000000,        0.0000000000
2551.0000000000,        0.0000000000
2560.0000000000,        0.0000000000
2569.0000000000,        0.0000000000
2578.0000000000,        0.0000000000
2587.0000000000,        0.0000000000
2596.0000000000,        0.0000000000
2605.0000000000,        0.0000000000
2614.0000000000,        0.0000000000
2623.0000000000,        0.0000000000
2632.0000000000,        0.0000000000
2641.0000000000,        0.0000000000
2650.0000000000,        1.9561745258
2659.0000000000,        2.1961861894
2668.0000000000,        2.4832270640
2677.0000000000,        2.8304331100
2686.0000000000,        3.2558668089
2695.0000000000,        3.7849118016
2704.0000000000,        4.4541434975
2713.0000000000,        5.3178141819
2722.0000000000,        6.4591827548
2731.0000000000,        8.0113097386
2740.0000000000,       10.1975521339
2749.0000000000,       13.4163372770
2758.0000000000,       18.4354699171
2767.0000000000,       26.8928844479
2776.0000000000,       42.8084371762
2785.0000000000,       78.3132443519
2794.0000000000,      184.7537298336
2803.0000000000,      779.0012100965
2812.0000000000,     2495.2821068048
2821.0000000000,      368.9454676642
2830.0000000000,      125.7228059932
2839.0000000000,       64.8615517937
2848.0000000000,       41.9069411564
2857.0000000000,       31.5804499604
2866.0000000000,       26.8701646625
2875.0000000000,       25.3592121897
2884.0000000000,       26.2493405073
2893.0000000000,       30.7343415806
2902.0000000000,       37.5171979000
2911.0000000000,       49.8486117879
2920.0000000000,       76.1603998471
2929.0000000000,      127.0303100291
2938.0000000000,      266.1743222458
2947.0000000000,      893.9227619139
2956.0000000000,     5596.3100565527
2965.0000000000,      979.6128211119
2974.0000000000,      282.5218078530
2983.0000000000,      137.1520681923
2992.0000000000,       87.9172079893
3001.0000000000,       69.1157126541
3010.0000000000,       65.4221870293
3019.0000000000,       75.2797124053
3028.0000000000,      110.1023985457
3037.0000000000,      239.0960750955
3046.0000000000,     1251.6221145987
3055.0000000000,      682.3709337845
3064.0000000000,      584.3402098829
3073.0000000000,     3114.8850091893
3082.0000000000,     1263.3317889157
3091.0000000000,      300.9188769948
3100.0000000000,      138.5039228744
3109.0000000000,      123.3479079229
3118.0000000000,       64.0384077281
3127.0000000000,       37.9571361015
3136.0000000000,       30.8787126539
3145.0000000000,       27.6754570565
3154.0000000000,       26.1931695064
3163.0000000000,       28.5963362080
3172.0000000000,       53.3972493978
3181.0000000000,       43.9525743313
3190.0000000000,       49.6572943360
3199.0000000000,       55.8298003736
3208.0000000000,      100.6420169948
3217.0000000000,      299.4693775952
3226.0000000000,     1583.9686105052
3235.0000000000,      452.1467193253
3244.0000000000,      138.7293067917
3253.0000000000,      102.0468073561
3262.0000000000,      121.3233928465
3271.0000000000,      207.3228014943
3280.0000000000,      571.0756921863
3289.0000000000,     3584.3894842754
3298.0000000000,     1490.8645375366
3307.0000000000,     1577.2118638555
3316.0000000000,      324.2427841248
3325.0000000000,      154.0740285989
3334.0000000000,      113.7155677898
3343.0000000000,      123.8249488182
3352.0000000000,      219.4568077901
3361.0000000000,      879.7365758568
3370.0000000000,     1652.8774091859
3379.0000000000,      613.1808261588
3388.0000000000,      368.0074128008
3397.0000000000,      107.4829432886
3406.0000000000,       56.9460792103
3415.0000000000,       37.7320961124
3424.0000000000,       28.2152507825
3433.0000000000,       24.1969858844
3442.0000000000,       21.4515061185
3451.0000000000,       18.0093844502
3460.0000000000,       18.6493656357
3469.0000000000,       19.7962595022
3478.0000000000,       25.1613647056
3487.0000000000,       36.3160496202
3496.0000000000,       62.9006096546
3505.0000000000,      149.8109597641
3514.0000000000,      728.2142186919
3523.0000000000,     1040.4382177691
3532.0000000000,      184.2647363814
3541.0000000000,       78.4001104311
3550.0000000000,       55.0987654824
3559.0000000000,       60.0327350753
3568.0000000000,      103.6941565877
3577.0000000000,      343.5544012202
3586.0000000000,     1767.5711190081
3595.0000000000,      271.4680817061
3604.0000000000,       84.1051153961
3613.0000000000,       40.8643561929
3622.0000000000,       24.5573857767
3631.0000000000,       16.6858973672
3640.0000000000,       12.4756514734
3649.0000000000,        9.8621151855
3658.0000000000,        8.2696703559
3667.0000000000,        7.4061573715
3676.0000000000,        7.2689972857
3685.0000000000,        7.2129879314
3694.0000000000,       12.3082823360
3703.0000000000,       43.6091935768
3712.0000000000,       91.5787433400
3721.0000000000,       20.2960272164
3730.0000000000,       25.4385262567
3739.0000000000,       61.4598789890
3748.0000000000,       11.6967279697
3757.0000000000,        6.5855180556
3766.0000000000,        6.6025375357
3775.0000000000,        9.8215436342
3784.0000000000,       22.7179547365
3793.0000000000,      119.3305477790
3802.0000000000,      138.3215368726
3811.0000000000,       25.9062341938
3820.0000000000,       13.2189164161
3829.0000000000,       14.1788481876
3838.0000000000,       33.9258623993
3847.0000000000,      215.5532511468
3856.0000000000,       48.6174982195
3865.0000000000,       13.3264140541
3874.0000000000,        6.1508459679
3883.0000000000,        3.6157109973
3892.0000000000,        2.4137721569
3901.0000000000,        1.6999448219
3910.0000000000,        1.2879226088
3919.0000000000,        1.0135607600
3928.0000000000,        0.8207601335
3937.0000000000,        0.6795929687
3946.0000000000,        0.5728346611
3955.0000000000,        0.4899633790
3964.0000000000,        0.2742210503
3973.0000000000,        0.2361583570
3982.0000000000,        0.2055015535
3991.0000000000,        0.1804473584
