        0.0000000000,        0.9102883790
        2.0000000000,        1.0084743621
        4.0000000000,        1.0844488181
        6.0000000000,        1.1731501428
        8.0000000000,        1.2786010610
       10.0000000000,        1.4068872716
       12.0000000000,        1.5676946862
       14.0000000000,        1.7851818406
       16.0000000000,        2.0733219770
       18.0000000000,        2.4951887791
       20.0000000000,        3.1506702361
       22.0000000000,        4.1322969492
       24.0000000000,        5.0909929976
       26.0000000000,        5.3803539088
       28.0000000000,        5.7552323090
       30.0000000000,        7.0624751986
       32.0000000000,        9.6191846705
       34.0000000000,       12.4637356395
       36.0000000000,       13.4398412004
       38.0000000000,       13.5723777993
       40.0000000000,       12.1791321034
       42.0000000000,        9.8092392851
       44.0000000000,        8.5276340727
       46.0000000000,        8.4936168762
       48.0000000000,        9.5839872914
       50.0000000000,       12.0636418590
       52.0000000000,       16.6661321995
       54.0000000000,       23.7098432291
       56.0000000000,       29.8596945333
       58.0000000000,       31.8792442569
       60.0000000000,       33.8936217388
       62.0000000000,       35.7882980329
       64.0000000000,       30.6685797107
       66.0000000000,       24.4991666708
       68.0000000000,       22.6055566089
       70.0000000000,       25.0909363806
       72.0000000000,       30.5092649207
       74.0000000000,       36.5734541442
       76.0000000000,       46.4453996949
       78.0000000000,       56.4267955158
       80.0000000000,       51.9244193002
       82.0000000000,       42.8918055046
       84.0000000000,       41.1552496027
       86.0000000000,       41.2447408163
       88.0000000000,       34.8411703311
       90.0000000000,       28.3888901635
       92.0000000000,       26.5731686214
       94.0000000000,       29.8040641447
       96.0000000000,       38.7568362628
       98.0000000000,       51.7752912774
      100.0000000000,       55.3637037968
      102.0000000000,       47.1572058555
      104.0000000000,       42.9887176373
      106.0000000000,       48.3141689521
      108.0000000000,       64.7428696591
      110.0000000000,       87.4014327637
      112.0000000000,       91.9025642329
      114.0000000000,       81.2172397163
      116.0000000000,       79.0938102759
      118.0000000000,       73.5152927958
      120.0000000000,       58.0086159254
      122.0000000000,       48.2714770861
      124.0000000000,       48.4748062578
      126.0000000000,       51.9011655681
      128.0000000000,       46.3331195070
      130.0000000000,       37.8545511880
      132.0000000000,       35.1796607324
      134.0000000000,       39.5836334076
      136.0000000000,       50.4116232748
      138.0000000000,       61.8467010179
      140.0000000000,       69.6816038671
      142.0000000000,       64.4067749213
      144.0000000000,       46.2945828781
      146.0000000000,       32.1284556684
      148.0000000000,       24.4346421955
      150.0000000000,       20.9388819161
      152.0000000000,       20.3159010501
      154.0000000000,       22.5352835145
      156.0000000000,       28.4347704000
      158.0000000000,       40.1406592517
      160.0000000000,       55.8382142079
      162.0000000000,       58.0748981830
      164.0000000000,       43.2858334010
      166.0000000000,       30.6950477711
      168.0000000000,       24.8811239169
      170.0000000000,       23.9594019660
      172.0000000000,       23.8314945482
      174.0000000000,       19.8817396847
      176.0000000000,       15.2345484146
      178.0000000000,       12.3045142417
      180.0000000000,       10.7249184515
      182.0000000000,       10.0422764254
      184.0000000000,        9.8451136715
      186.0000000000,       10.1172568660
      188.0000000000,       10.9084905685
      190.0000000000,       12.4196359765
      192.0000000000,       15.1170501645
      194.0000000000,       19.9561968055
      196.0000000000,       28.3631076361
      198.0000000000,       38.8889185434
      200.0000000000,       40.0817921140
      202.0000000000,       30.9349877690
      204.0000000000,       23.4175604494
      206.0000000000,       19.7788706213
      208.0000000000,       18.8393249125
      210.0000000000,       19.6706993474
      212.0000000000,       22.2879836150
      214.0000000000,       27.2986758367
      216.0000000000,       36.2857559836
      218.0000000000,       52.4584337480
      220.0000000000,       79.2653357395
      222.0000000000,      104.8208816858
      224.0000000000,       95.4831456836
      226.0000000000,       68.5125502858
      228.0000000000,       50.8129964010
      230.0000000000,       43.0525214625
      232.0000000000,       41.9591207851
      234.0000000000,       46.4255956745
      236.0000000000,       57.7357258263
      238.0000000000,       79.9283206148
      240.0000000000,      117.8364720497
      242.0000000000,      155.8297438901
      244.0000000000,      147.3200509996
      246.0000000000,      115.6522292830
      248.0000000000,      101.9953079834
      250.0000000000,      111.8999964428
      252.0000000000,      139.3714151384
      254.0000000000,      149.5644474003
      256.0000000000,      122.4408200892
      258.0000000000,       97.0650426909
      260.0000000000,       87.5137107250
      262.0000000000,       91.1114442687
      264.0000000000,      107.1523959645
      266.0000000000,      139.6627730103
      268.0000000000,      199.7589869632
      270.0000000000,      310.1879017640
      272.0000000000,      496.8303780708
      274.0000000000,      679.9035955361
      276.0000000000,      611.3988928822
      278.0000000000,      398.9227584326
      280.0000000000,      246.4437548376
      282.0000000000,      160.2391170665
      284.0000000000,      111.2913456431
      286.0000000000,       82.0001518389
      288.0000000000,       63.5184716521
      290.0000000000,       51.4160486219
      292.0000000000,       43.3143755261
      294.0000000000,       37.9258832399
      296.0000000000,       34.5555531005
      298.0000000000,       32.8709860172
      300.0000000000,       32.8829996252
      302.0000000000,       34.8764549162
      304.0000000000,       39.7832607967
      306.0000000000,       49.5416044909
      308.0000000000,       67.9197265556
      310.0000000000,      101.5144850145
      312.0000000000,      148.9841478649
      314.0000000000,      164.2707157178
      316.0000000000,      122.4140385608
      318.0000000000,       79.6002607365
      320.0000000000,       54.1811879403
      322.0000000000,       40.2384185445
      324.0000000000,       32.6637511510
      326.0000000000,       28.6530141508
      328.0000000000,       27.0775700529
      330.0000000000,       27.5688499178
      332.0000000000,       30.3858588425
      334.0000000000,       36.6435568514
      336.0000000000,       48.6313398440
      338.0000000000,       70.9434776544
      340.0000000000,      106.0338477803
      342.0000000000,      128.6980466257
      344.0000000000,      105.1035798228
      346.0000000000,       70.6392502041
      348.0000000000,       49.2053733481
      350.0000000000,       37.9976136124
      352.0000000000,       32.6480912798
      354.0000000000,       30.9502070185
      356.0000000000,       32.1618280783
      358.0000000000,       36.5326583993
      360.0000000000,       45.4757962813
      362.0000000000,       62.3310649361
      364.0000000000,       92.6546279439
      366.0000000000,      134.9242619124
      368.0000000000,      149.7593506888
      370.0000000000,      119.2567602031
      372.0000000000,       92.2172589403
      374.0000000000,       85.6977832343
      376.0000000000,      100.0675043868
      378.0000000000,      138.6568945662
      380.0000000000,      188.5013966550
      382.0000000000,      184.0415927604
      384.0000000000,      127.1654982154
      386.0000000000,       80.9740752952
      388.0000000000,       54.2253072825
      390.0000000000,       39.0344159743
      392.0000000000,       29.9949856683
      394.0000000000,       24.3577572580
      396.0000000000,       20.7415313804
      398.0000000000,       18.4306302839
      400.0000000000,       17.3404062741
      402.0000000000,       16.7238328249
      404.0000000000,       16.7458933339
      406.0000000000,       17.6681261421
      408.0000000000,       19.6963848099
      410.0000000000,       23.4507457679
      412.0000000000,       30.2127496333
      414.0000000000,       42.4996403523
      416.0000000000,       64.6293139803
      418.0000000000,       94.4148093963
      420.0000000000,      101.1169990134
      422.0000000000,       73.8162700886
      424.0000000000,       47.8735929102
      426.0000000000,       32.6113578485
      428.0000000000,       24.1246737312
      430.0000000000,       19.2388495567
      432.0000000000,       16.3150519961
      434.0000000000,       14.5362494809
      436.0000000000,       13.0629840892
      438.0000000000,       12.5895119445
      440.0000000000,       12.4318412558
      442.0000000000,       12.6044047717
      444.0000000000,       13.0990055387
      446.0000000000,       13.9735135924
      448.0000000000,       15.3926579602
      450.0000000000,       17.2759275991
      452.0000000000,       20.0305051236
      454.0000000000,       24.1679765815
      456.0000000000,       30.6670684852
      458.0000000000,       41.4737863233
      460.0000000000,       60.3385299792
      462.0000000000,       91.8602559684
      464.0000000000,      125.1108355886
      466.0000000000,      118.9140624274
      468.0000000000,       86.4533334370
      470.0000000000,       63.8284433756
      472.0000000000,       53.8001613306
      474.0000000000,       52.3000446926
      476.0000000000,       58.1634615947
      478.0000000000,       72.9659811653
      480.0000000000,      100.3167615713
      482.0000000000,      133.7082192525
      484.0000000000,      140.1142608112
      486.0000000000,      126.6770980548
      488.0000000000,      129.7980651198
      490.0000000000,      159.4748087976
      492.0000000000,      206.2826491520
      494.0000000000,      231.1140801961
      496.0000000000,      249.2087441104
      498.0000000000,      320.1928561035
      500.0000000000,      465.9043784349
      502.0000000000,      587.5435555251
      504.0000000000,      492.5310406365
      506.0000000000,      317.5815121981
      508.0000000000,      201.4620781185
      510.0000000000,      137.7504523884
      512.0000000000,      103.8775081351
      514.0000000000,       84.5813702671
      516.0000000000,       67.7892257203
      518.0000000000,       53.0615222226
      520.0000000000,       42.8580492041
      522.0000000000,       36.1499603877
      524.0000000000,       31.6845484506
      526.0000000000,       28.7173597468
      528.0000000000,       26.8112278454
      530.0000000000,       25.8536995637
      532.0000000000,       25.7333185985
      534.0000000000,       26.3319850066
      536.0000000000,       27.1951127042
      538.0000000000,       28.6197412960
      540.0000000000,       31.1766271120
      542.0000000000,       35.1440037679
      544.0000000000,       41.3336391731
      546.0000000000,       50.7361223853
      548.0000000000,       65.3074068005
      550.0000000000,       88.9399931203
      552.0000000000,      129.3604247589
      554.0000000000,      201.5150651074
      556.0000000000,      323.8226462976
      558.0000000000,      452.6949581050
      560.0000000000,      421.8576257740
      562.0000000000,      282.2633387864
      564.0000000000,      179.1239909206
      566.0000000000,      122.5045097136
      568.0000000000,       93.7226409068
      570.0000000000,       82.1959369405
      572.0000000000,       84.7089514652
      574.0000000000,       99.0253814392
      576.0000000000,      105.6259540810
      578.0000000000,       85.6669433885
      580.0000000000,       63.0148742782
      582.0000000000,       49.7754300421
      584.0000000000,       43.6952483196
      586.0000000000,       42.4392404109
      588.0000000000,       45.3542561363
      590.0000000000,       53.3362274271
      592.0000000000,       69.2374037385
      594.0000000000,       98.2247556890
      596.0000000000,      140.1791380321
      598.0000000000,      163.9843786414
      600.0000000000,      157.8089114131
      602.0000000000,      169.7396213901
      604.0000000000,      214.5643697352
      606.0000000000,      258.0527348788
      608.0000000000,      230.3120062939
      610.0000000000,      154.3788314078
      612.0000000000,       97.8348160988
      614.0000000000,       65.1704439957
      616.0000000000,       46.2522407542
      618.0000000000,       34.6546660539
      620.0000000000,       27.1098306125
      622.0000000000,       21.9434770988
      624.0000000000,       18.2532208379
      626.0000000000,       15.4555431504
      628.0000000000,       13.3826862737
      630.0000000000,       11.7703299034
      632.0000000000,       10.4926969863
      634.0000000000,        9.4651996915
      636.0000000000,        8.6293816225
      638.0000000000,        7.9439328297
      640.0000000000,        7.3791495494
      642.0000000000,        6.9134228020
      644.0000000000,        6.4729368954
      646.0000000000,        6.1637044674
      648.0000000000,        5.9181313301
      650.0000000000,        5.7308528816
      652.0000000000,        5.5988835302
      654.0000000000,        5.4498897767
      656.0000000000,        5.4303587480
      658.0000000000,        5.4710688560
      660.0000000000,        5.5793988231
      662.0000000000,        5.7669449987
      664.0000000000,        5.7086861362
      666.0000000000,        6.1240642624
      668.0000000000,        6.7013190474
      670.0000000000,        7.5009945687
      672.0000000000,        8.6190660538
      674.0000000000,       10.2137310089
      676.0000000000,       12.5489917128
      678.0000000000,       16.1422089820
      680.0000000000,       21.9417258272
      682.0000000000,       31.8301365092
      684.0000000000,       49.0187841575
      686.0000000000,       74.1658036424
      688.0000000000,       89.6335873761
      690.0000000000,       84.8157102509
      692.0000000000,       84.3246277001
      694.0000000000,       82.1214658531
      696.0000000000,       63.2800722095
      698.0000000000,       46.1466870318
      700.0000000000,       39.3229652660
      702.0000000000,       41.9276805050
      704.0000000000,       49.9351672140
      706.0000000000,       48.7411773666
      708.0000000000,       35.0538251476
      710.0000000000,       23.0349340955
      712.0000000000,       15.7880476533
      714.0000000000,       11.6231336162
      716.0000000000,        8.9676124711
      718.0000000000,        7.2084521810
      720.0000000000,        5.6992793443
      722.0000000000,        4.8083929128
      724.0000000000,        4.1360828382
      726.0000000000,        3.6141570977
      728.0000000000,        3.1994718466
      730.0000000000,        2.8635966189
      732.0000000000,        2.5871330967
      734.0000000000,        2.5554599357
      736.0000000000,        2.3207523132
      738.0000000000,        2.1610736752
      740.0000000000,        2.0247941936
      742.0000000000,        1.9077547138
      744.0000000000,        1.8492746168
      746.0000000000,        1.7628242449
      748.0000000000,        1.6878821791
      750.0000000000,        1.6228340891
      752.0000000000,        1.5663736676
      754.0000000000,        1.5174361925
      756.0000000000,        1.5340861883
      758.0000000000,        1.4305676830
      760.0000000000,        1.4027984988
      762.0000000000,        1.3798754695
      764.0000000000,        1.3613978823
      766.0000000000,        1.3232766449
      768.0000000000,        1.1857415755
      770.0000000000,        1.1825186942
      772.0000000000,        1.1826219357
      774.0000000000,        1.1859256291
      776.0000000000,        1.1923396233
      778.0000000000,        1.2018062075
      780.0000000000,        1.2142978552
      782.0000000000,        1.2298156830
      784.0000000000,        1.2483885446
      786.0000000000,        1.2700727099
      788.0000000000,        1.2949521002
      790.0000000000,        1.3231390716
      792.0000000000,        1.4288186149
      794.0000000000,        1.5243402051
      796.0000000000,        1.5669050164
      798.0000000000,        1.6136837083
      800.0000000000,        1.6649709632
      802.0000000000,        1.7211087423
      804.0000000000,        1.7824925396
      806.0000000000,        1.8495789999
      808.0000000000,        2.0241260738
      810.0000000000,        2.1068684289
      812.0000000000,        2.1972540846
      814.0000000000,        2.3361454468
      816.0000000000,        2.4454436029
      818.0000000000,        2.5653179454
      820.0000000000,        2.6970776346
      822.0000000000,        2.8422643736
      824.0000000000,        3.0027038064
      826.0000000000,        3.2207412183
      828.0000000000,        3.4196725255
      830.0000000000,        3.6418356282
      832.0000000000,        3.8910774773
      834.0000000000,        4.1721301045
      836.0000000000,        4.4908738751
      838.0000000000,        4.8546991670
      840.0000000000,        5.2730115013
      842.0000000000,        5.7579498919
      844.0000000000,        6.3254290482
      846.0000000000,        6.9966853493
      848.0000000000,        7.7585286297
      850.0000000000,        8.7364413286
      852.0000000000,        9.9447823999
      854.0000000000,       11.4323166581
      856.0000000000,       13.4007686496
      858.0000000000,       16.0177707066
      860.0000000000,       19.6225198307
      862.0000000000,       24.8077703402
      864.0000000000,       32.6698233496
      866.0000000000,       45.3549899147
      868.0000000000,       67.1095448057
      870.0000000000,      104.9361996885
      872.0000000000,      157.9985444402
      874.0000000000,      178.3375663328
      876.0000000000,      137.9083231033
      878.0000000000,       96.6336679537
      880.0000000000,       75.4421976229
      882.0000000000,       69.2989604367
      884.0000000000,       74.6151141433
      886.0000000000,       92.5237806427
      888.0000000000,      129.7027306069
      890.0000000000,      198.9723188877
      892.0000000000,      298.3521117433
      894.0000000000,      335.6943614797
      896.0000000000,      258.1101939766
      898.0000000000,      182.4105947672
      900.0000000000,      149.8189785864
      902.0000000000,      137.8086324930
      904.0000000000,      113.0765102557
      906.0000000000,       86.6068765503
      908.0000000000,       74.0294067411
      910.0000000000,       76.2547898276
      912.0000000000,       93.4519795236
      914.0000000000,      114.3826207909
      916.0000000000,      104.0641597030
      918.0000000000,       72.9783462377
      920.0000000000,       50.0801929947
      922.0000000000,       36.9593438156
      924.0000000000,       29.5319093227
      926.0000000000,       25.2605003279
      928.0000000000,       22.8839361577
      930.0000000000,       21.7982927178
      932.0000000000,       21.7439337566
      934.0000000000,       22.6769431049
      936.0000000000,       24.7404293100
      938.0000000000,       28.3134249216
      940.0000000000,       34.1658407244
      942.0000000000,       43.8175530005
      944.0000000000,       60.2986852174
      946.0000000000,       89.2441223186
      948.0000000000,      135.9830691462
      950.0000000000,      181.8076880927
      952.0000000000,      190.9548075411
      954.0000000000,      171.2881340605
      956.0000000000,      130.0331575879
      958.0000000000,       98.9963881203
      960.0000000000,       88.8602971878
      962.0000000000,       98.2974643574
      964.0000000000,      130.1490470874
      966.0000000000,      180.3941617515
      968.0000000000,      199.8828697901
      970.0000000000,      169.5518825611
      972.0000000000,      144.2789158162
      974.0000000000,      118.3849628046
      976.0000000000,       86.4605190528
      978.0000000000,       66.0434968188
      980.0000000000,       59.1730741863
      982.0000000000,       64.4882904507
      984.0000000000,       78.5090076546
      986.0000000000,       80.7672637020
      988.0000000000,       60.7443966409
      990.0000000000,       41.2198647043
      992.0000000000,       29.2856320327
      994.0000000000,       22.3412663195
      996.0000000000,       18.1258862826
      998.0000000000,       15.4523879791
     1000.0000000000,       13.7231580096
     1002.0000000000,       12.6312138615
     1004.0000000000,       12.1391641615
     1006.0000000000,       11.9467343673
     1008.0000000000,       12.1691803231
     1010.0000000000,       12.8730578220
     1012.0000000000,       14.2168177373
     1014.0000000000,       16.5152313029
     1016.0000000000,       20.3837736980
     1018.0000000000,       27.0469050446
     1020.0000000000,       38.8434552611
     1022.0000000000,       58.6030107499
     1024.0000000000,       80.9097895463
     1026.0000000000,       87.0727462902
     1028.0000000000,       78.4059613692
     1030.0000000000,       62.0737818865
     1032.0000000000,       52.3857125870
     1034.0000000000,       55.1504566740
     1036.0000000000,       68.3122770967
     1038.0000000000,       73.2690822842
     1040.0000000000,       55.6358765425
     1042.0000000000,       36.4829807925
     1044.0000000000,       24.6436816212
     1046.0000000000,       17.8322235249
     1048.0000000000,       13.7366374985
     1050.0000000000,       11.1219657607
     1052.0000000000,        9.3619246321
     1054.0000000000,        7.9292963371
     1056.0000000000,        7.0372872991
     1058.0000000000,        6.3755263497
     1060.0000000000,        5.8767761595
     1062.0000000000,        5.4978212626
     1064.0000000000,        5.1692313008
     1066.0000000000,        4.9539399879
     1068.0000000000,        4.7966440408
     1070.0000000000,        4.6878783790
     1072.0000000000,        4.6210476277
     1074.0000000000,        4.5916604416
     1076.0000000000,        4.5398432843
     1078.0000000000,        4.5794039825
     1080.0000000000,        4.6514647813
     1082.0000000000,        4.7566252070
     1084.0000000000,        4.8965249367
     1086.0000000000,        5.0739201887
     1088.0000000000,        5.2928461458
     1090.0000000000,        5.5588852294
     1092.0000000000,        5.8795773144
     1094.0000000000,        6.2650323632
     1096.0000000000,        6.7288452267
     1098.0000000000,        7.2894787881
     1100.0000000000,        7.9723986245
     1102.0000000000,        8.8134565186
     1104.0000000000,        9.8644281234
     1106.0000000000,       11.2024211746
     1108.0000000000,       12.9465579889
     1110.0000000000,       15.2890111652
     1112.0000000000,       18.4852473513
     1114.0000000000,       23.2050906408
     1116.0000000000,       30.5983784970
     1118.0000000000,       42.7150098466
     1120.0000000000,       62.8155077665
     1122.0000000000,       90.8667329283
     1124.0000000000,      117.9268260963
     1126.0000000000,      135.7856666928
     1128.0000000000,      120.5651725321
     1130.0000000000,       92.3110387575
     1132.0000000000,       78.4651719257
     1134.0000000000,       81.1807123310
     1136.0000000000,      101.2993660312
     1138.0000000000,      143.2429326374
     1140.0000000000,      200.5019344105
     1142.0000000000,      227.9154538906
     1144.0000000000,      191.6729443857
     1146.0000000000,      151.5380099217
     1148.0000000000,      126.0080500559
     1150.0000000000,      100.5071396589
     1152.0000000000,       80.6844762234
     1154.0000000000,       72.9084728370
     1156.0000000000,       77.3788249057
     1158.0000000000,       96.2899815054
     1160.0000000000,      136.1503695372
     1162.0000000000,      193.7688666320
     1164.0000000000,      211.0848405219
     1166.0000000000,      161.8197354377
     1168.0000000000,      114.7323836761
     1170.0000000000,       91.3068184980
     1172.0000000000,       86.0335328671
     1174.0000000000,       95.6613014208
     1176.0000000000,      123.9358377914
     1178.0000000000,      182.0228956028
     1180.0000000000,      279.7933237211
     1182.0000000000,      358.0487451459
     1184.0000000000,      300.1775004795
     1186.0000000000,      192.5515125554
     1188.0000000000,      120.5924650860
     1190.0000000000,       79.9522406523
     1192.0000000000,       56.4560383266
     1194.0000000000,       42.1594421299
     1196.0000000000,       32.7867593476
     1198.0000000000,       26.3416371985
     1200.0000000000,       22.4497175225
     1202.0000000000,       19.1055104438
     1204.0000000000,       16.5772702249
     1206.0000000000,       14.8081974817
     1208.0000000000,       13.2739255271
     1210.0000000000,       12.0489504704
     1212.0000000000,       11.0594826746
     1214.0000000000,       10.2531220407
     1216.0000000000,        9.5918669254
     1218.0000000000,        9.0476564646
     1220.0000000000,        8.5994524747
     1222.0000000000,        8.2312842884
     1224.0000000000,        7.9309118420
     1226.0000000000,        7.6888954128
     1228.0000000000,        7.4979389888
     1230.0000000000,        7.3524219008
     1232.0000000000,        7.2480629841
     1234.0000000000,        7.1816804356
     1236.0000000000,        7.1510229176
     1238.0000000000,        7.1546558425
     1240.0000000000,        7.1918927139
     1242.0000000000,        7.2627658978
     1244.0000000000,        7.3680349580
     1246.0000000000,        7.5092342819
     1248.0000000000,        7.6887656744
     1250.0000000000,        7.9100465566
     1252.0000000000,        8.1777312512
     1254.0000000000,        8.4980329288
     1256.0000000000,        8.8791893717
     1258.0000000000,        9.3321406104
     1260.0000000000,        9.8715275149
     1262.0000000000,       10.8964488353
     1264.0000000000,       11.6855032213
     1266.0000000000,       12.6470050732
     1268.0000000000,       13.8364085262
     1270.0000000000,       15.3359946660
     1272.0000000000,       17.2720303916
     1274.0000000000,       19.8459929225
     1276.0000000000,       23.5916809440
     1278.0000000000,       28.7098534324
     1280.0000000000,       36.4903171803
     1282.0000000000,       50.0298824621
     1284.0000000000,       71.7105060330
     1286.0000000000,      109.7394023863
     1288.0000000000,      164.0444013631
     1290.0000000000,      186.5964875250
     1292.0000000000,      143.5825267317
     1294.0000000000,       96.4510556563
     1296.0000000000,       68.7468489448
     1298.0000000000,       54.3179829253
     1300.0000000000,       47.1561628237
     1302.0000000000,       44.1173264526
     1304.0000000000,       43.9911311965
     1306.0000000000,       46.1296871364
     1308.0000000000,       50.5248153102
     1310.0000000000,       57.7269617380
     1312.0000000000,       68.9572893210
     1314.0000000000,       86.6750724966
     1316.0000000000,      115.6936052979
     1318.0000000000,      163.7649061470
     1320.0000000000,      231.4813363011
     1322.0000000000,      291.7947373948
     1324.0000000000,      351.3108930842
     1326.0000000000,      407.3652273466
     1328.0000000000,      420.7968548450
     1330.0000000000,      429.2499404138
     1332.0000000000,      375.9541626385
     1334.0000000000,      293.1654067267
     1336.0000000000,      250.3139861157
     1338.0000000000,      249.2298119495
     1340.0000000000,      291.8491154012
     1342.0000000000,      355.0861070671
     1344.0000000000,      352.9799977314
     1346.0000000000,      307.9324093493
     1348.0000000000,      301.0109930729
     1350.0000000000,      352.1887154167
     1352.0000000000,      467.5319059286
     1354.0000000000,      622.2437135706
     1356.0000000000,      809.0490160829
     1358.0000000000,     1098.6768042152
     1360.0000000000,     1250.4545020531
     1362.0000000000,     1030.8616085039
     1364.0000000000,      802.4162148253
     1366.0000000000,      638.5983091001
     1368.0000000000,      449.8296397160
     1370.0000000000,      302.7785384412
     1372.0000000000,      213.1198579804
     1374.0000000000,      159.1342859528
     1376.0000000000,      125.0492639727
     1378.0000000000,      103.0277250133
     1380.0000000000,       87.4877674655
     1382.0000000000,       76.5242536653
     1384.0000000000,       68.7028380309
     1386.0000000000,       63.1551015896
     1388.0000000000,       59.3430921394
     1390.0000000000,       56.9349958816
     1392.0000000000,       55.7382359340
     1394.0000000000,       55.6648681275
     1396.0000000000,       56.7177604869
     1398.0000000000,       58.9935120424
     1400.0000000000,       62.7035966389
     1402.0000000000,       68.2216605085
     1404.0000000000,       76.1758244174
     1406.0000000000,       87.6272615300
     1408.0000000000,      104.4265825498
     1410.0000000000,      129.9564107144
     1412.0000000000,      171.3008966166
     1414.0000000000,      240.2586521492
     1416.0000000000,      360.8127419207
     1418.0000000000,      547.7225806091
     1420.0000000000,      680.9032490590
     1422.0000000000,      583.3264857443
     1424.0000000000,      430.9769908195
     1426.0000000000,      354.8033999935
     1428.0000000000,      350.7938873068
     1430.0000000000,      412.9126603042
     1432.0000000000,      552.0014680355
     1434.0000000000,      746.2331693072
     1436.0000000000,      927.6673521356
     1438.0000000000,     1212.8348154417
     1440.0000000000,     1578.2771699907
     1442.0000000000,     1481.9805715759
     1444.0000000000,      997.9010849260
     1446.0000000000,      623.0703564923
     1448.0000000000,      407.4640859088
     1450.0000000000,      284.3420573649
     1452.0000000000,      210.3830334630
     1454.0000000000,      163.2134250145
     1456.0000000000,      131.6445510147
     1458.0000000000,      109.6733698774
     1460.0000000000,       93.9174673135
     1462.0000000000,       82.3741236488
     1464.0000000000,       74.0010484725
     1466.0000000000,       67.6918735512
     1468.0000000000,       62.9896497205
     1470.0000000000,       59.6197871903
     1472.0000000000,       57.3622704023
     1474.0000000000,       56.0838065970
     1476.0000000000,       55.7204128085
     1478.0000000000,       56.2710908022
     1480.0000000000,       57.8016298401
     1482.0000000000,       60.3936010816
     1484.0000000000,       64.4483918883
     1486.0000000000,       70.2153492527
     1488.0000000000,       78.7292504349
     1490.0000000000,       91.2046596127
     1492.0000000000,      109.9815290220
     1494.0000000000,      140.2114782304
     1496.0000000000,      190.9605812515
     1498.0000000000,      274.6530047392
     1500.0000000000,      373.3627902177
     1502.0000000000,      393.8135990922
     1504.0000000000,      346.1923190717
     1506.0000000000,      333.6549023575
     1508.0000000000,      386.8611309585
     1510.0000000000,      515.6929913057
     1512.0000000000,      740.4691992903
     1514.0000000000,     1031.1108002100
     1516.0000000000,     1152.8736365631
     1518.0000000000,     1033.1122155278
     1520.0000000000,      754.8088159495
     1522.0000000000,      515.4336870684
     1524.0000000000,      382.4300295265
     1526.0000000000,      324.6385559372
     1528.0000000000,      320.2221071516
     1530.0000000000,      368.6212205725
     1532.0000000000,      491.6562267397
     1534.0000000000,      721.1712222408
     1536.0000000000,      963.9520205709
     1538.0000000000,      888.6844740663
     1540.0000000000,      605.2987780691
     1542.0000000000,      396.9926034840
     1544.0000000000,      280.0160945550
     1546.0000000000,      215.6427250178
     1548.0000000000,      179.8899754347
     1550.0000000000,      160.9307002339
     1552.0000000000,      153.1600382310
     1554.0000000000,      154.3807490426
     1556.0000000000,      164.1050091630
     1558.0000000000,      183.4929682086
     1560.0000000000,      216.4681987081
     1562.0000000000,      270.7009967055
     1564.0000000000,      362.1349327660
     1566.0000000000,      519.7658906799
     1568.0000000000,      787.4139767074
     1570.0000000000,     1119.2851076781
     1572.0000000000,     1210.3278826102
     1574.0000000000,     1112.0307154466
     1576.0000000000,     1204.7703193535
     1578.0000000000,     1591.9666032055
     1580.0000000000,     1955.4344660650
     1582.0000000000,     1647.4262729834
     1584.0000000000,     1067.3619809343
     1586.0000000000,      674.0730091087
     1588.0000000000,      451.3071495275
     1590.0000000000,      322.2958278446
     1592.0000000000,      243.5832495630
     1594.0000000000,      193.1704594949
     1596.0000000000,      160.1898880216
     1598.0000000000,      138.1257861768
     1600.0000000000,      124.3066337955
     1602.0000000000,      116.7149756081
     1604.0000000000,      117.8973032990
     1606.0000000000,      129.8220105922
     1608.0000000000,      156.0872753570
     1610.0000000000,      184.2096916684
     1612.0000000000,      179.6544955251
     1614.0000000000,      163.4922799078
     1616.0000000000,      169.9437879665
     1618.0000000000,      210.5217736068
     1620.0000000000,      295.7989900905
     1622.0000000000,      397.8013227014
     1624.0000000000,      404.8696977753
     1626.0000000000,      321.8815081646
     1628.0000000000,      222.8176987450
     1630.0000000000,      150.5343403568
     1632.0000000000,      107.7606130348
     1634.0000000000,       82.5865565910
     1636.0000000000,       66.9898313187
     1638.0000000000,       56.8025260275
     1640.0000000000,       49.8675889717
     1642.0000000000,       45.0169129799
     1644.0000000000,       41.9267421054
     1646.0000000000,       39.5360641646
     1648.0000000000,       37.9444933670
     1650.0000000000,       37.0203840114
     1652.0000000000,       36.7034134579
     1654.0000000000,       36.9937086192
     1656.0000000000,       37.9550993255
     1658.0000000000,       39.7344607872
     1660.0000000000,       42.6062761552
     1662.0000000000,       46.8903059123
     1664.0000000000,       53.8464575414
     1666.0000000000,       65.0261865552
     1668.0000000000,       83.8713708673
     1670.0000000000,      117.1610303751
     1672.0000000000,      174.7546261714
     1674.0000000000,      245.3741945705
     1676.0000000000,      248.2804117610
     1678.0000000000,      180.4988002100
     1680.0000000000,      124.1476632770
     1682.0000000000,       92.5915960172
     1684.0000000000,       76.0916128113
     1686.0000000000,       67.7773148231
     1688.0000000000,       64.2176493255
     1690.0000000000,       63.7853894389
     1692.0000000000,       65.7614754258
     1694.0000000000,       69.9417081893
     1696.0000000000,       76.4936392834
     1698.0000000000,       85.4046651449
     1700.0000000000,       98.8494929089
     1702.0000000000,      118.1572047839
     1704.0000000000,      146.7981919506
     1706.0000000000,      191.3728896401
     1708.0000000000,      264.6818399719
     1710.0000000000,      388.4210477788
     1712.0000000000,      570.7566142622
     1714.0000000000,      728.5423146238
     1716.0000000000,      766.3602395034
     1718.0000000000,      724.8702663273
     1720.0000000000,      779.2975350832
     1722.0000000000,      970.0637443054
     1724.0000000000,     1029.1680857247
     1726.0000000000,      789.5804477094
     1728.0000000000,      553.6337118233
     1730.0000000000,      427.7983028546
     1732.0000000000,      382.3778115566
     1734.0000000000,      397.4517488953
     1736.0000000000,      475.7281372066
     1738.0000000000,      646.3542999446
     1740.0000000000,      951.0473497123
     1742.0000000000,     1296.2090712551
     1744.0000000000,     1379.8149918702
     1746.0000000000,     1300.6340948236
     1748.0000000000,     1105.9830008252
     1750.0000000000,      886.9557102619
     1752.0000000000,      838.9144594178
     1754.0000000000,      970.0409693639
     1756.0000000000,     1060.3099382131
     1758.0000000000,      844.1547083558
     1760.0000000000,      569.1932455632
     1762.0000000000,      396.1630327785
     1764.0000000000,      301.2537465704
     1766.0000000000,      251.1753196988
     1768.0000000000,      228.6475705581
     1770.0000000000,      226.7970932501
     1772.0000000000,      245.3611539559
     1774.0000000000,      290.7593777631
     1776.0000000000,      379.2370361747
     1778.0000000000,      545.4176448906
     1780.0000000000,      845.4710388456
     1782.0000000000,     1252.1180818751
     1784.0000000000,     1345.3507457706
     1786.0000000000,      974.3215808972
     1788.0000000000,      622.6988848793
     1790.0000000000,      419.6056564755
     1792.0000000000,      313.3590333560
     1794.0000000000,      263.5674402745
     1796.0000000000,      253.8456230463
     1798.0000000000,      285.2058390256
     1800.0000000000,      373.5742522318
     1802.0000000000,      523.9328790819
     1804.0000000000,      605.7589345538
     1806.0000000000,      474.7328575668
     1808.0000000000,      308.4097652661
     1810.0000000000,      203.1989565715
     1812.0000000000,      142.8576328903
     1814.0000000000,      106.7546557706
     1816.0000000000,       83.7054222402
     1818.0000000000,       68.0807404919
     1820.0000000000,       56.9436911544
     1822.0000000000,       48.6729070567
     1824.0000000000,       42.3217368250
     1826.0000000000,       37.3089238374
     1828.0000000000,       33.2615232513
     1830.0000000000,       29.9309543465
     1832.0000000000,       27.1459693418
     1834.0000000000,       24.7851616978
     1836.0000000000,       22.6182774530
     1838.0000000000,       20.8671945921
     1840.0000000000,       19.3366384927
     1842.0000000000,       17.9883153388
     1844.0000000000,       16.7922534370
     1846.0000000000,       15.7246706646
     1848.0000000000,       14.7664620853
     1850.0000000000,       13.9021082654
     1852.0000000000,       13.1188744994
     1854.0000000000,       12.4062147526
     1856.0000000000,       11.7553219902
     1858.0000000000,       11.1587847383
     1860.0000000000,       10.6103217885
     1862.0000000000,       10.1045751102
     1864.0000000000,        9.6369466259
     1866.0000000000,        9.2034683975
     1868.0000000000,        8.8006985193
     1870.0000000000,        8.4256369747
     1872.0000000000,        8.0756571317
     1874.0000000000,        7.5768989568
     1876.0000000000,        7.0619604347
     1878.0000000000,        6.7836566430
     1880.0000000000,        6.5223419642
     1882.0000000000,        6.2766000579
     1884.0000000000,        5.5119709185
     1886.0000000000,        5.3067431489
     1888.0000000000,        5.1131921591
     1890.0000000000,        4.9304195392
     1892.0000000000,        4.7576140656
     1894.0000000000,        4.5940415072
     1896.0000000000,        4.4390358218
     1898.0000000000,        4.2919915258
     1900.0000000000,        4.1523570602
     1902.0000000000,        4.0196290051
     1904.0000000000,        3.3321077753
     1906.0000000000,        3.2254890523
     1908.0000000000,        2.7378839607
     1910.0000000000,        7.1817792373
     1912.0000000000,        7.2143865910
     1914.0000000000,        7.2553863440
     1916.0000000000,        6.7820369293
     1918.0000000000,        6.8526444028
     1920.0000000000,        6.9312549081
     1922.0000000000,        7.0179842631
     1924.0000000000,        7.1129809700
     1926.0000000000,        7.2164267027
     1928.0000000000,        7.3285370798
     1930.0000000000,        7.4495627308
     1932.0000000000,        7.5797906628
     1934.0000000000,        7.7195459414
     1936.0000000000,        7.8691937037
     1938.0000000000,        8.0291415273
     1940.0000000000,        8.1998421826
     1942.0000000000,        8.3817968040
     1944.0000000000,        7.7566237645
     1946.0000000000,        7.9828028400
     1948.0000000000,        8.2213446302
     1950.0000000000,        8.4730199060
     1952.0000000000,        8.7386696313
     1954.0000000000,        9.0192119556
     1956.0000000000,        9.3156501052
     1958.0000000000,        9.6290812997
     1960.0000000000,        9.9607068400
     1962.0000000000,       10.3118435414
     1964.0000000000,       10.3456360992
     1966.0000000000,       10.7485623343
     1968.0000000000,       11.1754814502
     1970.0000000000,       11.6283358141
     1972.0000000000,       12.1092682894
     1974.0000000000,       12.6206475772
     1976.0000000000,       13.1650973741
     1978.0000000000,       13.7455300141
     1980.0000000000,       14.3651854019
     1982.0000000000,       15.0276762090
     1984.0000000000,       15.7370405102
     1986.0000000000,       16.4978032932
     1988.0000000000,       17.3150485902
     1990.0000000000,       18.1945043816
     1992.0000000000,       19.1426429167
     1994.0000000000,       20.1667997366
     1996.0000000000,       21.2753154863
     1998.0000000000,       22.4777056372
     2000.0000000000,       23.7848645717
     2002.0000000000,       25.2093122084
     2004.0000000000,       26.7654935948
     2006.0000000000,       28.4701448649
     2008.0000000000,       30.3427428806
     2010.0000000000,       32.4060611284
     2012.0000000000,       34.6868615163
     2014.0000000000,       37.2167613389
     2016.0000000000,       40.0333278887
     2018.0000000000,       43.1814715322
     2020.0000000000,       46.7152337841
     2022.0000000000,       50.7001034239
     2024.0000000000,       55.2160461643
     2026.0000000000,       60.3615098206
     2028.0000000000,       66.2587798950
     2030.0000000000,       73.0612300874
     2032.0000000000,       80.9632711642
     2034.0000000000,       90.2142042266
     2036.0000000000,      101.1378229905
     2038.0000000000,      114.1606447017
     2040.0000000000,      129.8533670408
     2042.0000000000,      148.9930740894
     2044.0000000000,      172.6588417105
     2046.0000000000,      202.3826645994
     2048.0000000000,      240.3949835058
     2050.0000000000,      290.0378376814
     2052.0000000000,      356.4870550820
     2054.0000000000,      448.0697473960
     2056.0000000000,      578.7843045696
     2058.0000000000,      773.3695839253
     2060.0000000000,     1077.9976310165
     2062.0000000000,     1583.3599685379
     2064.0000000000,     2470.2926632775
     2066.0000000000,     4042.4970129277
     2068.0000000000,     6279.3207048126
     2070.0000000000,     7119.7969768413
     2072.0000000000,     5236.3285010499
     2074.0000000000,     3217.3678533983
     2076.0000000000,     2000.1113618977
     2078.0000000000,     1318.4771580520
     2080.0000000000,      920.5993490038
     2082.0000000000,      674.1422350728
     2084.0000000000,      512.8721624662
     2086.0000000000,      402.3237790742
     2088.0000000000,      323.5579545222
     2090.0000000000,      265.6019854923
     2092.0000000000,      221.7910959348
     2094.0000000000,      187.9069840266
     2096.0000000000,      161.1827934194
     2098.0000000000,      139.7465855541
     2100.0000000000,      122.2971844067
     2102.0000000000,      107.9084381723
     2104.0000000000,       95.9071791031
     2106.0000000000,       85.7949337350
     2108.0000000000,       77.1964046115
     2110.0000000000,       69.8247860438
     2112.0000000000,       63.4579280882
     2114.0000000000,       57.9216481755
     2116.0000000000,       53.0778479591
     2118.0000000000,       48.8159204164
     2120.0000000000,       45.0464479665
     2122.0000000000,       41.6965205581
     2124.0000000000,       38.7062155645
     2126.0000000000,       36.0259218574
     2128.0000000000,       33.6142847325
     2130.0000000000,       31.4366125943
     2132.0000000000,       29.4636306819
     2134.0000000000,       27.6704981694
     2136.0000000000,       26.0360269757
     2138.0000000000,       24.5420563786
     2140.0000000000,       23.1729489429
     2142.0000000000,       21.9151816220
     2144.0000000000,       20.7570120550
     2146.0000000000,       19.6882046768
     2148.0000000000,       18.6998047036
     2150.0000000000,       17.7839506727
     2152.0000000000,       16.9337182041
     2154.0000000000,       16.1429891843
     2156.0000000000,       15.4063417556
     2158.0000000000,       14.7189574158
     2160.0000000000,       14.0765422547
     2162.0000000000,       13.4752599238
     2164.0000000000,       12.9116743831
     2166.0000000000,       12.3827008307
     2168.0000000000,       11.8855635053
     2170.0000000000,       11.4177592837
     2172.0000000000,       10.9770261822
     2174.0000000000,       10.5613160214
     2176.0000000000,       10.1687706371
     2178.0000000000,        9.7977011213
     2180.0000000000,        9.4465696613
     2182.0000000000,        9.1139736110
     2184.0000000000,        8.7986314860
     2186.0000000000,        8.4993706232
     2188.0000000000,        8.2151162812
     2190.0000000000,        7.9448819928
     2192.0000000000,        7.6877610084
     2194.0000000000,        7.4429186914
     2196.0000000000,        7.2095857460
     2198.0000000000,        6.9870521753
     2200.0000000000,        6.7746618821
     2202.0000000000,        6.5718078326
     2204.0000000000,        6.3779277208
     2206.0000000000,        6.1925000717
     2208.0000000000,        6.0150407357
     2210.0000000000,        5.8450997288
     2212.0000000000,        5.6822583800
     2214.0000000000,        5.5261267539
     2216.0000000000,        5.3763413158
     2218.0000000000,        5.2325628166
     2220.0000000000,        5.0944743718
     2222.0000000000,        4.9617797155
     2224.0000000000,        4.8342016119
     2226.0000000000,        4.7114804075
     2228.0000000000,        4.5933727095
     2230.0000000000,        0.0000000000
     2232.0000000000,        0.0000000000
     2234.0000000000,        0.0000000000
     2236.0000000000,        0.0000000000
     2238.0000000000,        0.0000000000
     2240.0000000000,        0.0000000000
     2242.0000000000,        0.0000000000
     2244.0000000000,        0.0000000000
     2246.0000000000,        0.0000000000
     2248.0000000000,        0.0000000000
     2250.0000000000,        0.0000000000
     2252.0000000000,        0.0000000000
     2254.0000000000,        0.0000000000
     2256.0000000000,        0.0000000000
     2258.0000000000,        0.0000000000
     2260.0000000000,        0.0000000000
     2262.0000000000,        0.0000000000
     2264.0000000000,        0.0000000000
     2266.0000000000,        0.0000000000
     2268.0000000000,        0.0000000000
     2270.0000000000,        0.0000000000
     2272.0000000000,        0.0000000000
     2274.0000000000,        0.0000000000
     2276.0000000000,        0.0000000000
     2278.0000000000,        0.0000000000
     2280.0000000000,        0.0000000000
     2282.0000000000,        0.0000000000
     2284.0000000000,        0.0000000000
     2286.0000000000,        0.0000000000
     2288.0000000000,        0.0000000000
     2290.0000000000,        0.0000000000
     2292.0000000000,        0.0000000000
     2294.0000000000,        0.0000000000
     2296.0000000000,        0.0000000000
     2298.0000000000,        0.0000000000
     2300.0000000000,        0.0000000000
     2302.0000000000,        0.0000000000
     2304.0000000000,        0.0000000000
     2306.0000000000,        0.0000000000
     2308.0000000000,        0.0000000000
     2310.0000000000,        0.0000000000
     2312.0000000000,        0.0000000000
     2314.0000000000,        0.0000000000
     2316.0000000000,        0.0000000000
     2318.0000000000,        0.0000000000
     2320.0000000000,        0.0000000000
     2322.0000000000,        0.0000000000
     2324.0000000000,        0.0000000000
     2326.0000000000,        0.0000000000
     2328.0000000000,        0.0000000000
     2330.0000000000,        0.0000000000
     2332.0000000000,        0.0000000000
     2334.0000000000,        0.0000000000
     2336.0000000000,        0.0000000000
     2338.0000000000,        0.0000000000
     2340.0000000000,        0.0000000000
     2342.0000000000,        0.0000000000
     2344.0000000000,        0.0000000000
     2346.0000000000,        0.0000000000
     2348.0000000000,        0.0000000000
     2350.0000000000,        0.0000000000
     2352.0000000000,        0.0000000000
     2354.0000000000,        0.0000000000
     2356.0000000000,        0.0000000000
     2358.0000000000,        0.0000000000
     2360.0000000000,        0.0000000000
     2362.0000000000,        0.0000000000
     2364.0000000000,        0.0000000000
     2366.0000000000,        0.0000000000
     2368.0000000000,        0.0000000000
     2370.0000000000,        0.0000000000
     2372.0000000000,        0.0000000000
     2374.0000000000,        0.0000000000
     2376.0000000000,        0.0000000000
     2378.0000000000,        0.0000000000
     2380.0000000000,        0.0000000000
     2382.0000000000,        0.0000000000
     2384.0000000000,        0.0000000000
     2386.0000000000,        0.0000000000
     2388.0000000000,        0.0000000000
     2390.0000000000,        0.0000000000
     2392.0000000000,        0.0000000000
     2394.0000000000,        0.0000000000
     2396.0000000000,        0.0000000000
     2398.0000000000,        0.0000000000
     2400.0000000000,        0.0000000000
     2402.0000000000,        0.0000000000
     2404.0000000000,        0.0000000000
     2406.0000000000,        0.0000000000
     2408.0000000000,        0.0000000000
     2410.0000000000,        0.0000000000
     2412.0000000000,        0.0000000000
     2414.0000000000,        0.0000000000
     2416.0000000000,        0.0000000000
     2418.0000000000,        0.0000000000
     2420.0000000000,        0.0000000000
     2422.0000000000,        0.0000000000
     2424.0000000000,        0.0000000000
     2426.0000000000,        0.0000000000
     2428.0000000000,        0.0000000000
     2430.0000000000,        0.0000000000
     2432.0000000000,        0.0000000000
     2434.0000000000,        0.0000000000
     2436.0000000000,        0.0000000000
     2438.0000000000,        0.0000000000
     2440.0000000000,        0.0000000000
     2442.0000000000,        0.0000000000
     2444.0000000000,        0.0000000000
     2446.0000000000,        0.0000000000
     2448.0000000000,        0.0000000000
     2450.0000000000,        0.0000000000
     2452.0000000000,        0.0000000000
     2454.0000000000,        0.0000000000
     2456.0000000000,        0.0000000000
     2458.0000000000,        0.0000000000
     2460.0000000000,        0.0000000000
     2462.0000000000,        0.0000000000
     2464.0000000000,        0.0000000000
     2466.0000000000,        0.0000000000
     2468.0000000000,        0.0000000000
     2470.0000000000,        5.6304063558
     2472.0000000000,        5.7739321251
     2474.0000000000,        5.9230153953
     2476.0000000000,        6.0779467725
     2478.0000000000,        6.2390361042
     2480.0000000000,        6.4066140291
     2482.0000000000,        6.5810336729
     2484.0000000000,        6.7626725086
     2486.0000000000,        6.9519343986
     2488.0000000000,        7.1492518390
     2490.0000000000,        7.3550884304
     2492.0000000000,        7.5699416006
     2494.0000000000,        7.7943456092
     2496.0000000000,        8.0288748685
     2498.0000000000,        8.2741476189
     2500.0000000000,        8.5308300023
     2502.0000000000,        9.6797607558
     2504.0000000000,        9.9841501419
     2506.0000000000,       10.3031702852
     2508.0000000000,       10.6377764679
     2510.0000000000,       10.9890033919
     2512.0000000000,       11.3579732490
     2514.0000000000,       11.7459047657
     2516.0000000000,       12.1541233587
     2518.0000000000,       12.5840725619
     2520.0000000000,       13.0373269082
     2522.0000000000,       13.5156064824
     2524.0000000000,       14.0207933996
     2526.0000000000,       14.5549505030
     2528.0000000000,       15.1203426330
     2530.0000000000,       15.7194608777
     2532.0000000000,       16.3550502939
     2534.0000000000,       17.0301416780
     2536.0000000000,       17.7480880785
     2538.0000000000,       18.5126068763
     2540.0000000000,       19.3278284261
     2542.0000000000,       20.1983524552
     2544.0000000000,       21.1293136684
     2546.0000000000,       22.1264583161
     2548.0000000000,       23.1962338757
     2550.0000000000,       24.3458944749
     2552.0000000000,       25.5836253002
     2554.0000000000,       26.9186900018
     2556.0000000000,       28.3616060866
     2558.0000000000,       29.9243545446
     2560.0000000000,       31.6206315638
     2562.0000000000,       33.4661522803
     2564.0000000000,       35.4790192293
     2566.0000000000,       37.6801717424
     2568.0000000000,       40.0939372680
     2570.0000000000,       42.7487119102
     2572.0000000000,       45.6778059807
     2574.0000000000,       48.9205019019
     2576.0000000000,       52.5233876256
     2578.0000000000,       56.5420506555
     2580.0000000000,       61.0432484566
     2582.0000000000,       66.1077145308
     2584.0000000000,       71.8338218151
     2586.0000000000,       78.3424157553
     2588.0000000000,       85.7832631435
     2590.0000000000,       94.3437631146
     2592.0000000000,      104.2608717450
     2594.0000000000,      115.8376647401
     2596.0000000000,      129.4667108297
     2598.0000000000,      145.6636372726
     2600.0000000000,      165.1162681965
     2602.0000000000,      188.7581092304
     2604.0000000000,      217.8808735693
     2606.0000000000,      254.3114055924
     2608.0000000000,      300.6982177025
     2610.0000000000,      360.9912648691
     2612.0000000000,      441.2759701351
     2614.0000000000,      551.2854453854
     2616.0000000000,      707.2736994092
     2618.0000000000,      937.7558159563
     2620.0000000000,     1295.5465456643
     2622.0000000000,     1883.7525597814
     2624.0000000000,     2908.5471520118
     2626.0000000000,     4733.8381223997
     2628.0000000000,     7485.6092646740
     2630.0000000000,     8996.4296126703
     2632.0000000000,     6945.9991211308
     2634.0000000000,     4319.2918572976
     2636.0000000000,     2685.7441040151
     2638.0000000000,     1775.4153113560
     2640.0000000000,     1252.8527479445
     2642.0000000000,      937.9160037367
     2644.0000000000,      741.5223484085
     2646.0000000000,      619.1917492796
     2648.0000000000,      549.3700223421
     2650.0000000000,      524.6247673593
     2652.0000000000,      550.1206315100
     2654.0000000000,      648.3462977738
     2656.0000000000,      867.5518618747
     2658.0000000000,     1244.9930776907
     2660.0000000000,     1529.8809991074
     2662.0000000000,     1271.5198214713
     2664.0000000000,      836.6156691628
     2666.0000000000,      547.4376747889
     2668.0000000000,      381.5336420153
     2670.0000000000,      283.2037323685
     2672.0000000000,      220.9998845971
     2674.0000000000,      179.1195143119
     2676.0000000000,      149.3999292828
     2678.0000000000,      127.3845192670
     2680.0000000000,      110.4976419675
     2682.0000000000,       97.1715564193
     2684.0000000000,       86.4075221308
     2686.0000000000,       77.5435540679
     2688.0000000000,       70.1255018853
     2690.0000000000,       63.8323185450
     2692.0000000000,       58.4310305807
     2694.0000000000,       53.7486515905
     2696.0000000000,       49.6541148738
     2698.0000000000,       46.0463255647
     2700.0000000000,       42.8460609959
     2702.0000000000,       39.9903555993
     2704.0000000000,       37.4285286556
     2706.0000000000,       35.1193221743
     2708.0000000000,       33.0288039293
     2710.0000000000,       31.1288075047
     2712.0000000000,       29.3957555474
     2714.0000000000,       27.8097606746
     2716.0000000000,       26.3539304110
     2718.0000000000,       25.0138240143
     2720.0000000000,       23.7770237380
     2722.0000000000,       22.6327932863
     2724.0000000000,       21.5718033889
     2726.0000000000,       20.5859095489
     2728.0000000000,       19.6679707097
     2730.0000000000,       18.8117002851
     2732.0000000000,       18.0115429869
     2734.0000000000,       17.2625723692
     2736.0000000000,       16.5604051236
     2738.0000000000,       15.9011290060
     2740.0000000000,       15.2812419255
     2742.0000000000,       14.6976002253
     2744.0000000000,       14.1473745746
     2746.0000000000,       13.6280121938
     2748.0000000000,       13.1372043764
     2750.0000000000,       12.6728584609
     2752.0000000000,       12.2330735562
     2754.0000000000,       11.8161194487
     2756.0000000000,       11.4204182137
     2758.0000000000,       11.0445281368
     2760.0000000000,       10.6871296141
     2762.0000000000,       10.3470127531
     2764.0000000000,       10.0230664403
     2766.0000000000,        9.7142686784
     2768.0000000000,        9.4196780237
     2770.0000000000,        9.1384259826
     2772.0000000000,        8.8697102424
     2774.0000000000,        8.6127886345
     2776.0000000000,        8.3669737378
     2778.0000000000,        8.1316280459
     2780.0000000000,        7.9061596309
     2782.0000000000,        7.6900182446
     2784.0000000000,        7.4826918086
     2786.0000000000,        7.2837032481
     2788.0000000000,        7.0926076299
     2790.0000000000,        1.3052616188
     2792.0000000000,        1.2659988471
     2794.0000000000,        1.2284808409
     2796.0000000000,        1.1926057611
     2798.0000000000,        1.1582790897
     2800.0000000000,        1.1254130077
     2802.0000000000,        1.0939258330
     2804.0000000000,        1.0637415135
     2806.0000000000,        1.0347891675
     2808.0000000000,        1.0070026676
     2810.0000000000,        0.9803202638
     2812.0000000000,        0.9546842396
     2814.0000000000,        0.9300406006
     2816.0000000000,        0.9063387898
     2818.0000000000,        0.8835314287
     2820.0000000000,        0.8615740803
     2822.0000000000,        0.0000000000
     2824.0000000000,        0.0000000000
     2826.0000000000,        0.0000000000
     2828.0000000000,        0.0000000000
     2830.0000000000,        0.0000000000
     2832.0000000000,        0.0000000000
     2834.0000000000,        0.0000000000
     2836.0000000000,        0.0000000000
     2838.0000000000,        0.0000000000
     2840.0000000000,        0.0000000000
     2842.0000000000,        0.0000000000
     2844.0000000000,        0.0000000000
     2846.0000000000,        0.0000000000
     2848.0000000000,        0.0000000000
     2850.0000000000,        0.0000000000
     2852.0000000000,        0.0000000000
     2854.0000000000,        2.1743103874
     2856.0000000000,        2.2300772368
     2858.0000000000,        2.2880169045
     2860.0000000000,        2.3482437258
     2862.0000000000,        2.4108796547
     2864.0000000000,        2.4760548814
     2866.0000000000,        2.5439085085
     2868.0000000000,        2.6145892936
     2870.0000000000,        2.6882564638
     2872.0000000000,        2.7650806129
     2874.0000000000,        2.8452446887
     2876.0000000000,        2.9289450820
     2878.0000000000,        3.0163928292
     2880.0000000000,        3.1078149427
     2882.0000000000,        3.2034558833
     2884.0000000000,        3.3035791948
     2886.0000000000,        3.4084693188
     2888.0000000000,        3.5184336148
     2890.0000000000,        3.6338046114
     2892.0000000000,        3.7549425195
     2894.0000000000,        3.8822380439
     2896.0000000000,        4.0161155324
     2898.0000000000,        4.1570365122
     2900.0000000000,        4.3055036662
     2902.0000000000,        4.4620653153
     2904.0000000000,        4.6273204795
     2906.0000000000,        4.8019246069
     2908.0000000000,        4.9865960709
     2910.0000000000,        7.0427673980
     2912.0000000000,        7.2978604037
     2914.0000000000,        7.5675014171
     2916.0000000000,        7.8528441604
     2918.0000000000,        8.1551609593
     2920.0000000000,        8.4758578478
     2922.0000000000,        8.8164919832
     2924.0000000000,        9.1787917859
     2926.0000000000,        9.5646803037
     2928.0000000000,        9.9763024066
     2930.0000000000,       10.4160565523
     2932.0000000000,       10.8866320229
     2934.0000000000,       11.3910527421
     2936.0000000000,       11.9327290415
     2938.0000000000,       12.5155190730
     2940.0000000000,       13.1438019841
     2942.0000000000,       13.8225655120
     2944.0000000000,       14.5791338301
     2946.0000000000,       15.3773603784
     2948.0000000000,       16.2698866293
     2950.0000000000,       17.2180274033
     2952.0000000000,       18.2553482643
     2954.0000000000,       19.3937010111
     2956.0000000000,       20.6470030007
     2958.0000000000,       22.0542099704
     2960.0000000000,       23.5903725709
     2962.0000000000,       25.3007928206
     2964.0000000000,       27.2135527619
     2966.0000000000,       29.3626969076
     2968.0000000000,       31.7898252144
     2970.0000000000,       34.5462057400
     2972.0000000000,       37.6956097770
     2974.0000000000,       41.3181655143
     2976.0000000000,       45.5156695409
     2978.0000000000,       50.4190197336
     2980.0000000000,       56.1987913177
     2982.0000000000,       63.0805631391
     2984.0000000000,       71.3675809718
     2986.0000000000,       81.4750294783
     2988.0000000000,       93.9831682302
     2990.0000000000,      109.7220457652
     2992.0000000000,      129.9108547323
     2994.0000000000,      156.3953961239
     2996.0000000000,      192.0690985707
     2998.0000000000,      241.6533590088
     3000.0000000000,      313.2160627131
     3002.0000000000,      421.2795805922
     3004.0000000000,      593.4612787211
     3006.0000000000,      884.6879339641
     3008.0000000000,     1402.1449787820
     3010.0000000000,     2289.9481518098
     3012.0000000000,     3297.9406098038
     3014.0000000000,     3184.9451428716
     3016.0000000000,     2134.7009980593
     3018.0000000000,     1309.4060429041
     3020.0000000000,      837.8433050805
     3022.0000000000,      572.2401320930
     3024.0000000000,      414.9490523879
     3026.0000000000,      316.5731858124
     3028.0000000000,      252.2834227499
     3030.0000000000,      208.7136051375
     3032.0000000000,      178.6376267737
     3034.0000000000,      157.8021576416
     3036.0000000000,      143.6653451353
     3038.0000000000,      134.7019496232
     3040.0000000000,      130.0390754613
     3042.0000000000,      129.2693113185
     3044.0000000000,      132.7288719940
     3046.0000000000,      140.0765391274
     3048.0000000000,      152.4943683519
     3050.0000000000,      171.4770129252
     3052.0000000000,      199.5623726143
     3054.0000000000,      241.0711998710
     3056.0000000000,      303.5791250385
     3058.0000000000,      400.9720086279
     3060.0000000000,      560.0203840146
     3062.0000000000,      834.2839228431
     3064.0000000000,     1325.7509036470
     3066.0000000000,     2142.1671834933
     3068.0000000000,     2903.8310970113
     3070.0000000000,     2562.2349826226
     3072.0000000000,     1655.2245445259
     3074.0000000000,     1017.5811938358
     3076.0000000000,      657.6436080426
     3078.0000000000,      452.3916846778
     3080.0000000000,      328.5811098584
     3082.0000000000,      249.4888800209
     3084.0000000000,      196.4357319298
     3086.0000000000,      159.4408987337
     3088.0000000000,      132.9020048910
     3090.0000000000,      113.8885211556
     3092.0000000000,       99.8697572326
     3094.0000000000,       90.1994908249
     3096.0000000000,       84.7345514110
     3098.0000000000,       84.3135616716
     3100.0000000000,       90.4871676088
     3102.0000000000,      100.6154509641
     3104.0000000000,      103.6774706064
     3106.0000000000,      101.1162944985
     3108.0000000000,       89.9677137561
     3110.0000000000,       73.6142920803
     3112.0000000000,       64.0207843002
     3114.0000000000,       63.0576206057
     3116.0000000000,       68.3818774976
     3118.0000000000,       68.1790083758
     3120.0000000000,       55.6335961463
     3122.0000000000,       43.3218166188
     3124.0000000000,       35.4496850899
     3126.0000000000,       30.5425590936
     3128.0000000000,       27.2856055358
     3130.0000000000,       24.9797524259
     3132.0000000000,       23.2658113914
     3134.0000000000,       21.9507855511
     3136.0000000000,       20.9252694258
     3138.0000000000,       20.1246262735
     3140.0000000000,       19.5100752159
     3142.0000000000,       19.0591692313
     3144.0000000000,       18.7610335245
     3146.0000000000,       18.6143172524
     3148.0000000000,       18.6270458863
     3150.0000000000,       18.8182994286
     3152.0000000000,       19.5236933787
     3154.0000000000,       20.2059171321
     3156.0000000000,       21.2560208248
     3158.0000000000,       22.8431332778
     3160.0000000000,       25.2765119194
     3162.0000000000,       29.1502230524
     3164.0000000000,       35.6066858926
     3166.0000000000,       46.3133587766
     3168.0000000000,       59.7251784588
     3170.0000000000,       64.1403886619
     3172.0000000000,       60.3963357955
     3174.0000000000,       59.2551578792
     3176.0000000000,       63.3626898716
     3178.0000000000,       66.8344520204
     3180.0000000000,       77.2966970554
     3182.0000000000,      102.2241535814
     3184.0000000000,      147.0793299890
     3186.0000000000,      196.0267122775
     3188.0000000000,      192.0212744932
     3190.0000000000,      151.5902581620
     3192.0000000000,      128.5657297761
     3194.0000000000,      130.6361567372
     3196.0000000000,      157.9065638648
     3198.0000000000,      220.0812408602
     3200.0000000000,      338.8183935881
     3202.0000000000,      512.3287297175
     3204.0000000000,      579.4462989459
     3206.0000000000,      430.8734822835
     3208.0000000000,      269.9124930086
     3210.0000000000,      172.6392747295
     3212.0000000000,      118.2540457792
     3214.0000000000,       86.7062866839
     3216.0000000000,       67.4467032608
     3218.0000000000,       55.2094022235
     3220.0000000000,       47.2780137594
     3222.0000000000,       42.1939653179
     3224.0000000000,       39.1604662104
     3226.0000000000,       37.7626327213
     3228.0000000000,       37.8391318490
     3230.0000000000,       37.6470915272
     3232.0000000000,       41.0838642383
     3234.0000000000,       46.9012413359
     3236.0000000000,       56.2061402362
     3238.0000000000,       71.0678747582
     3240.0000000000,       95.4774820948
     3242.0000000000,      137.4141664598
     3244.0000000000,      212.5437138168
     3246.0000000000,      342.6899051066
     3248.0000000000,      495.4634822668
     3250.0000000000,      486.9404256674
     3252.0000000000,      330.3626053902
     3254.0000000000,      203.9121072454
     3256.0000000000,      131.2321577364
     3258.0000000000,       90.2174816336
     3260.0000000000,       65.8615144323
     3262.0000000000,       50.5487293468
     3264.0000000000,       40.4177412919
     3266.0000000000,       33.4819434614
     3268.0000000000,       28.5662346774
     3270.0000000000,       25.0572486139
     3272.0000000000,       22.5300901644
     3274.0000000000,       20.7351696520
     3276.0000000000,       19.7629681975
     3278.0000000000,       19.0097832704
     3280.0000000000,       18.7108578204
     3282.0000000000,       18.8288402600
     3284.0000000000,       19.3827964112
     3286.0000000000,       20.4290053541
     3288.0000000000,       22.0714134245
     3290.0000000000,       24.4822404834
     3292.0000000000,       27.9398345126
     3294.0000000000,       32.8984382587
     3296.0000000000,       40.1208440879
     3298.0000000000,       50.9419487150
     3300.0000000000,       67.8177302163
     3302.0000000000,       95.5087292212
     3304.0000000000,      143.5476174248
     3306.0000000000,      229.6085377038
     3308.0000000000,      367.6511828454
     3310.0000000000,      474.2523823286
     3312.0000000000,      393.8391722775
     3314.0000000000,      249.6938414550
     3316.0000000000,      154.3238386625
     3318.0000000000,      100.7738539076
     3320.0000000000,       70.0115780570
     3322.0000000000,       51.2785803071
     3324.0000000000,       39.1953942688
     3326.0000000000,       31.0057967529
     3328.0000000000,       25.2212467272
     3330.0000000000,       20.9715309421
     3332.0000000000,       17.7918721412
     3334.0000000000,       15.3423634722
     3336.0000000000,       13.4063737989
     3338.0000000000,       11.8664229408
     3340.0000000000,       10.6165399677
     3342.0000000000,        9.5892921513
     3344.0000000000,        8.7359801180
     3346.0000000000,        8.0178049583
     3348.0000000000,        7.3162902803
     3350.0000000000,        6.9909518520
     3352.0000000000,        6.5603011940
     3354.0000000000,        6.1928470144
     3356.0000000000,        5.8790699006
     3358.0000000000,        5.6114640808
     3360.0000000000,        5.3840892987
     3362.0000000000,        5.1922422370
     3364.0000000000,        4.7528600081
     3366.0000000000,        4.6323245728
     3368.0000000000,        4.5382649167
     3370.0000000000,        4.4690772388
     3372.0000000000,        4.4993382573
     3374.0000000000,        4.4790718282
     3376.0000000000,        4.4819169228
     3378.0000000000,        4.5081837103
     3380.0000000000,        4.5586547099
     3382.0000000000,        4.6346232720
     3384.0000000000,        4.7379561199
     3386.0000000000,        4.8711850484
     3388.0000000000,        5.0376355195
     3390.0000000000,        5.2416035498
     3392.0000000000,        5.4885975211
     3394.0000000000,        5.7856692480
     3396.0000000000,        6.1418702251
     3398.0000000000,        6.5688867821
     3400.0000000000,        7.0819358169
     3402.0000000000,        7.7010475747
     3404.0000000000,        8.4529354685
     3406.0000000000,        9.3737766774
     3408.0000000000,       10.5134413030
     3410.0000000000,       11.6251283314
     3412.0000000000,       13.4515200615
     3414.0000000000,       15.8171138065
     3416.0000000000,       18.9499451995
     3418.0000000000,       23.2105393081
     3420.0000000000,       29.1928735965
     3422.0000000000,       37.9229731552
     3424.0000000000,       51.2695974576
     3426.0000000000,       72.8269312835
     3428.0000000000,      109.7779305054
     3430.0000000000,      175.7572987450
     3432.0000000000,      284.7892501468
     3434.0000000000,      384.5630783699
     3436.0000000000,      336.9891091820
     3438.0000000000,      217.1008046290
     3440.0000000000,      133.5095453476
     3442.0000000000,       86.4268357182
     3444.0000000000,       59.6181631833
     3446.0000000000,       43.4828516843
     3448.0000000000,       33.2089735730
     3450.0000000000,       26.3457107987
     3452.0000000000,       21.5795227566
     3454.0000000000,       18.1673891276
     3456.0000000000,       15.6679774580
     3458.0000000000,       13.8079357949
     3460.0000000000,       12.4119875486
     3462.0000000000,       11.3646542317
     3464.0000000000,       10.5884321066
     3466.0000000000,       10.0309303321
     3468.0000000000,        9.6571114856
     3470.0000000000,        9.4445755480
     3472.0000000000,        9.0928272082
     3474.0000000000,        9.1805226543
     3476.0000000000,        9.4161730313
     3478.0000000000,        9.8118033906
     3480.0000000000,       10.3892362738
     3482.0000000000,       11.1828975875
     3484.0000000000,       12.2446072095
     3486.0000000000,       13.6515622812
     3488.0000000000,       15.5197658799
     3490.0000000000,       18.0272109098
     3492.0000000000,       21.4553845149
     3494.0000000000,       26.2668882689
     3496.0000000000,       33.2578872243
     3498.0000000000,       43.8729134532
     3500.0000000000,       60.8804887706
     3502.0000000000,       89.7953817228
     3504.0000000000,      141.0329977902
     3506.0000000000,      225.0215779047
     3508.0000000000,      300.9963800373
     3510.0000000000,      266.4212575430
     3512.0000000000,      181.3207182475
     3514.0000000000,      126.7000503247
     3516.0000000000,      104.2608416203
     3518.0000000000,      106.1781862517
     3520.0000000000,      130.4845105293
     3522.0000000000,      161.5250708961
     3524.0000000000,      157.2664373181
     3526.0000000000,      138.8068691676
     3528.0000000000,      144.5158567198
     3530.0000000000,      154.7208437206
     3532.0000000000,      124.9074664028
     3534.0000000000,       82.4153527705
     3536.0000000000,       54.1970568035
     3538.0000000000,       37.7665887606
     3540.0000000000,       27.8742648952
     3542.0000000000,       21.5396925570
     3544.0000000000,       17.2434074779
     3546.0000000000,       14.1868547620
     3548.0000000000,       11.9262265672
     3550.0000000000,       10.2006665290
     3552.0000000000,        8.8489797225
     3554.0000000000,        7.7671462494
     3556.0000000000,        6.8854988651
     3558.0000000000,        6.1558637427
     3560.0000000000,        5.5439985362
     3562.0000000000,        5.0249740230
     3564.0000000000,        4.5802575847
     3566.0000000000,        4.1958160889
     3568.0000000000,        3.8608490065
     3570.0000000000,        3.5669223414
     3572.0000000000,        3.3073640133
     3574.0000000000,        3.0768337253
     3576.0000000000,        2.8710117044
     3578.0000000000,        2.6863699553
     3580.0000000000,        2.5200017716
     3582.0000000000,        2.3694930258
     3584.0000000000,        2.2328238464
     3586.0000000000,        2.1082926914
     3588.0000000000,        1.9944571260
     3590.0000000000,        1.8900872015
     3592.0000000000,        1.7941284372
     3594.0000000000,        1.7056721916
     3596.0000000000,        1.3868227842
     3598.0000000000,        1.3168733303
     3600.0000000000,        1.2521508256
     3602.0000000000,        1.1921412977
     3604.0000000000,        1.1363930701
     3606.0000000000,        1.0845078357
     3608.0000000000,        1.0361331983
     3610.0000000000,        0.9909564131
     3612.0000000000,        0.9486991069
     3614.0000000000,        0.9091128070
     3616.0000000000,        0.8719751388
     3618.0000000000,        0.8370865801
     3620.0000000000,        0.8042676792
     3622.0000000000,        0.7733566635
     3624.0000000000,        0.7442073753
     3626.0000000000,        0.7166874862
     3628.0000000000,        0.6906769454
     3630.0000000000,        0.6660666298
     3632.0000000000,        0.6427571644
     3634.0000000000,        0.6206578896
     3636.0000000000,        0.5996859544
     3638.0000000000,        0.5797655189
     3640.0000000000,        0.5608270504
     3642.0000000000,        0.5428067007
     3644.0000000000,        0.5256457548
     3646.0000000000,        0.5092901412
     3648.0000000000,        0.4936899958
     3650.0000000000,        0.4787992733
     3652.0000000000,        0.4645753999
     3654.0000000000,        0.4509789627
     3656.0000000000,        0.4379734307
     3658.0000000000,        0.4255249050
     3660.0000000000,        0.4136018929
     3662.0000000000,        0.4021751056
     3664.0000000000,        0.3912172746
     3666.0000000000,        0.3807029862
     3668.0000000000,        0.3706085318
     3670.0000000000,        0.1829716211
     3672.0000000000,        0.1779730188
     3674.0000000000,        0.1731765710
     3676.0000000000,        0.1685715179
     3678.0000000000,        0.1641478064
     3680.0000000000,        0.1598960351
     3682.0000000000,        0.1558074043
     3684.0000000000,        0.0800304801
     3686.0000000000,        0.0779904255
     3688.0000000000,        0.0760273764
     3690.0000000000,        0.0741375062
     3692.0000000000,        0.0000000000
     3694.0000000000,        0.0000000000
     3696.0000000000,        0.0000000000
     3698.0000000000,        0.0000000000
     3700.0000000000,        0.0000000000
     3702.0000000000,        0.0000000000
     3704.0000000000,        0.0000000000
     3706.0000000000,        0.0000000000
     3708.0000000000,        0.0000000000
     3710.0000000000,        0.0000000000
     3712.0000000000,        0.0000000000
     3714.0000000000,        0.0000000000
     3716.0000000000,        0.0000000000
     3718.0000000000,        0.0000000000
     3720.0000000000,        0.0000000000
     3722.0000000000,        0.0000000000
     3724.0000000000,        0.0000000000
     3726.0000000000,        0.0000000000
     3728.0000000000,        0.0000000000
     3730.0000000000,        0.0000000000
     3732.0000000000,        0.0000000000
     3734.0000000000,        0.0000000000
     3736.0000000000,        0.0000000000
     3738.0000000000,        0.0000000000
     3740.0000000000,        0.0000000000
     3742.0000000000,        0.0000000000
     3744.0000000000,        0.0000000000
     3746.0000000000,        0.0000000000
     3748.0000000000,        0.0000000000
     3750.0000000000,        0.0000000000
     3752.0000000000,        0.0000000000
     3754.0000000000,        0.0000000000
     3756.0000000000,        0.0000000000
     3758.0000000000,        0.0000000000
     3760.0000000000,        0.0000000000
     3762.0000000000,        0.0000000000
     3764.0000000000,        0.0000000000
     3766.0000000000,        0.0000000000
     3768.0000000000,        0.0000000000
     3770.0000000000,        0.0000000000
     3772.0000000000,        0.0000000000
     3774.0000000000,        0.0000000000
     3776.0000000000,        0.0000000000
     3778.0000000000,        0.0000000000
     3780.0000000000,        0.0000000000
     3782.0000000000,        0.0000000000
     3784.0000000000,        0.0000000000
     3786.0000000000,        0.0000000000
     3788.0000000000,        0.0000000000
     3790.0000000000,        0.0000000000
     3792.0000000000,        0.0000000000
     3794.0000000000,        0.0000000000
     3796.0000000000,        0.0000000000
     3798.0000000000,        0.0000000000
     3800.0000000000,        0.0000000000
     3802.0000000000,        0.0000000000
     3804.0000000000,        0.0000000000
     3806.0000000000,        0.0000000000
     3808.0000000000,        0.0000000000
     3810.0000000000,        0.0000000000
     3812.0000000000,        0.0000000000
     3814.0000000000,        0.0000000000
     3816.0000000000,        0.0000000000
     3818.0000000000,        0.0000000000
     3820.0000000000,        0.0000000000
     3822.0000000000,        0.0000000000
     3824.0000000000,        0.0000000000
     3826.0000000000,        0.0000000000
     3828.0000000000,        0.0000000000
     3830.0000000000,        0.0000000000
     3832.0000000000,        0.0000000000
     3834.0000000000,        0.0000000000
     3836.0000000000,        0.0000000000
     3838.0000000000,        0.0000000000
     3840.0000000000,        0.0000000000
     3842.0000000000,        0.0000000000
     3844.0000000000,        0.0000000000
     3846.0000000000,        0.0000000000
     3848.0000000000,        0.0000000000
     3850.0000000000,        0.0000000000
     3852.0000000000,        0.0000000000
     3854.0000000000,        0.0000000000
     3856.0000000000,        0.0000000000
     3858.0000000000,        0.0000000000
     3860.0000000000,        0.0000000000
     3862.0000000000,        0.0000000000
     3864.0000000000,        0.0000000000
     3866.0000000000,        0.0000000000
     3868.0000000000,        0.0000000000
     3870.0000000000,        0.0000000000
     3872.0000000000,        0.0000000000
     3874.0000000000,        0.0000000000
     3876.0000000000,        0.0000000000
     3878.0000000000,        0.0000000000
     3880.0000000000,        0.0000000000
     3882.0000000000,        0.0000000000
     3884.0000000000,        0.0000000000
     3886.0000000000,        0.0000000000
     3888.0000000000,        0.0000000000
     3890.0000000000,        0.0000000000
     3892.0000000000,        0.0000000000
     3894.0000000000,        0.0000000000
     3896.0000000000,        0.0000000000
     3898.0000000000,        0.0000000000
     3900.0000000000,        0.0000000000
     3902.0000000000,        0.0000000000
     3904.0000000000,        0.0000000000
     3906.0000000000,        0.0000000000
     3908.0000000000,        0.0000000000
     3910.0000000000,        0.0000000000
     3912.0000000000,        0.0000000000
     3914.0000000000,        0.0000000000
     3916.0000000000,        0.0000000000
     3918.0000000000,        0.0000000000
     3920.0000000000,        0.0000000000
     3922.0000000000,        0.0000000000
     3924.0000000000,        0.0000000000
     3926.0000000000,        0.0000000000
     3928.0000000000,        0.0000000000
     3930.0000000000,        0.0000000000
     3932.0000000000,        0.0000000000
     3934.0000000000,        0.0000000000
     3936.0000000000,        0.0000000000
     3938.0000000000,        0.0000000000
     3940.0000000000,        0.0000000000
     3942.0000000000,        0.0000000000
     3944.0000000000,        0.0000000000
     3946.0000000000,        0.0000000000
     3948.0000000000,        0.0000000000
     3950.0000000000,        0.0000000000
     3952.0000000000,        0.0000000000
     3954.0000000000,        0.0000000000
     3956.0000000000,        0.0000000000
     3958.0000000000,        0.0000000000
     3960.0000000000,        0.0000000000
     3962.0000000000,        0.0000000000
     3964.0000000000,        0.0000000000
     3966.0000000000,        0.0000000000
     3968.0000000000,        0.0000000000
     3970.0000000000,        0.0000000000
     3972.0000000000,        0.0000000000
     3974.0000000000,        0.0000000000
     3976.0000000000,        0.0000000000
     3978.0000000000,        0.0000000000
     3980.0000000000,        0.0000000000
     3982.0000000000,        0.0000000000
     3984.0000000000,        0.0000000000
     3986.0000000000,        0.0000000000
     3988.0000000000,        0.0000000000
     3990.0000000000,        0.0000000000
     3992.0000000000,        0.0000000000
     3994.0000000000,        0.0000000000
     3996.0000000000,        0.0000000000
     3998.0000000000,        0.0000000000
